 -3.591261  9.704015 -40.127777  0.180987  0.684832  0.681285 -0.184660
-38.187412  9.330334 -33.284599 -0.587651 -0.382962 -0.385667  0.599389
-16.251717  9.085023 -24.817711 -0.608343  0.372674  0.354610  0.604388
-25.942881  9.112934 -34.343060 -0.605967 -0.357863 -0.361401  0.611661
-24.954857  9.494352 -16.082500 -0.675053 -0.203676 -0.216632  0.675196
-23.686684  9.395388 -15.478016 -0.704199 -0.035656 -0.046637  0.707572
-22.154041  8.838310 -22.313330 -0.606992 -0.357296 -0.365386  0.608599
-20.876331  9.212802 -17.155556 -0.684137 -0.180973 -0.194915  0.679127
-19.396280  9.049400 -24.860985 -0.684304  0.177800  0.165640  0.687516
-36.415878  8.499847 -32.883610 -0.567554 -0.415553 -0.414733  0.577230
-24.040821 10.891373 -13.813328  0.108643  0.698953  0.698276 -0.109875
-17.671799  9.071245 -22.145828 -0.692773 -0.143210 -0.159142  0.688644
  0.526696  9.488088 -36.339108  0.035398  0.708439  0.703343 -0.046588
  3.048456 10.031075 -28.204321  0.069888  0.701957  0.704761 -0.075388
-26.953506 10.087793 -23.784491 -0.081775  0.709038  0.694578  0.090221
-23.693005  9.544538 -18.336355 -0.666109  0.248885  0.229831  0.664479
-39.697639  9.209354 -35.333893 -0.604516 -0.353485 -0.352030  0.621034
-26.629200  9.133276 -21.968674 -0.646771 -0.273748 -0.279425  0.654729
-20.848633  9.415373 -21.831186 -0.479910  0.531006  0.507994  0.479230
-17.642021  9.144710 -31.361622 -0.255581  0.668832  0.643051  0.271710
-15.171085  9.332547 -19.834209 -0.574520  0.429995  0.412792  0.560922
-25.194946  9.102061 -22.282347 -0.635592 -0.301360 -0.308658  0.640262
-20.099257  9.612345 -19.256729 -0.417844  0.586477  0.563828  0.404411
-30.580532  9.251335 -28.725193 -0.689706  0.081705  0.070468  0.716006
-26.863083 10.135668 -24.687670  0.031298  0.711800  0.701265 -0.024265
-26.453260  9.748827 -15.264457 -0.700146  0.110486  0.095344  0.698927
-13.182117  9.594563 -29.700546  0.176787  0.688276  0.680398 -0.179112
-19.762606  9.394500 -19.078159 -0.708541 -0.028661 -0.043561  0.703740
-22.225191  8.971301 -23.465044 -0.703735  0.039174  0.024988  0.708941
-15.887569  8.936127 -29.711931 -0.695909  0.132334  0.122056  0.695199
-33.058887  9.338690 -37.541756  0.369186  0.605825  0.606557 -0.358839
-40.749046  9.614373 -34.132481 -0.616596 -0.331889 -0.335758  0.630020
-21.500032  9.052298 -21.690903 -0.704839 -0.015034 -0.027268  0.708683
-41.894829  9.289626 -39.442738 -0.540690 -0.452735 -0.452751  0.545621
-21.149130  9.124835 -25.057558 -0.702213  0.066720  0.048922  0.707143
-19.713417  9.400282 -17.202946 -0.710492 -0.039769 -0.057857  0.700194
-23.643425  9.448233 -17.070616 -0.685928 -0.169747 -0.180717  0.684127
-30.866037 10.473560  -9.207003 -0.704463  0.060309  0.046742  0.705627
-17.649439  9.351012 -20.840599 -0.652098  0.290618  0.274732  0.644075
-21.953209  9.207146 -25.798586 -0.638915  0.301661  0.282033  0.649034
-30.614784  9.627160 -24.895336 -0.706117 -0.001396 -0.014550  0.707945
-24.229639 10.022257 -20.872438 -0.021041  0.709265  0.704323  0.020730
-34.901917  9.115249 -29.316807 -0.670543 -0.179858 -0.184445  0.695704
-30.656855  9.547045 -18.354906 -0.657076 -0.247022 -0.254050  0.665349
 -4.059895  9.347233 -30.034191  0.207300  0.677088  0.672609 -0.214883
-32.242073  9.797302 -14.024998 -0.646202 -0.279206 -0.288314  0.649109
 -6.225812  9.879639 -26.009304  0.144808  0.692233  0.690979 -0.149638
-43.342915  9.523563 -31.373896 -0.576725 -0.400017 -0.402560  0.587640
 -2.786714  9.807475 -30.041674  0.120272  0.695941  0.696987 -0.124136
-13.997486  9.280947 -21.271328 -0.384672  0.602775  0.590446  0.374251
-36.632820  9.064799 -35.459717 -0.570393 -0.410152 -0.410985  0.580963
-22.949959  9.436058 -17.080349 -0.690219  0.169602  0.150277  0.687204
-22.584274  9.177001 -20.876350 -0.705141 -0.045879 -0.060356  0.705003
-16.603085  8.973795 -24.752298 -0.706863  0.042623  0.025275  0.705613
-21.992012  9.376316 -28.246817 -0.451903  0.551422  0.531406  0.457520
-14.297905  9.807400 -34.683159 -0.439536  0.557461  0.547598  0.442925
-25.958092  9.147146 -17.700340 -0.641558 -0.288681 -0.295718  0.646233
-32.554169  9.957125 -27.005806 -0.181162  0.690123  0.672307  0.197267
-12.502173 10.106367 -29.053190  0.128918  0.698711  0.691122 -0.132415
-44.379990  9.582792 -30.018167 -0.572070 -0.408185 -0.411807  0.580117
-15.857260  9.233080 -33.839394 -0.703410 -0.057992 -0.071823  0.704764
 -8.632850 10.314049 -23.886091  0.204631  0.677953  0.674538 -0.208576
-18.426208  9.103135 -21.677174 -0.663848  0.253942  0.242947  0.660149
-22.644051 10.310312  -9.761338 -0.203647  0.683319  0.673707  0.194222
-14.134302  9.284615 -28.609045 -0.090874  0.708820  0.693691  0.090047
 -5.937686 10.292339 -27.217144  0.186476  0.682195  0.681352 -0.188668
-32.907658  9.353357 -32.291565 -0.634589 -0.296589 -0.301856  0.646695
 -5.027076  9.241759 -36.999321  0.142767  0.697241  0.687075 -0.146287
-32.482300  9.600338 -24.376408 -0.324437  0.626610  0.623347  0.336955
 -5.521897  9.242825 -33.639915  0.037715  0.711199  0.700413 -0.046859
-20.369883  9.118445 -24.468069 -0.665628  0.245456  0.228131  0.666819
-29.833748  9.136777 -22.103546 -0.647058 -0.273240 -0.276662  0.655831
-18.778137  9.986689 -23.493626 -0.012596  0.709366  0.704657  0.010004
-25.480320  9.155251 -21.897501 -0.645453 -0.279510 -0.287361  0.650144
 -9.169635  9.059582 -26.670830 -0.221681  0.680293  0.666545  0.209229  5.654800 10.007926 -35.911213  0.088381  0.699637  0.702878 -0.093050
-27.251038  9.242384 -24.119085 -0.700373 -0.052905 -0.065244  0.708817
-13.601884  9.496992 -34.635384  0.039259  0.711937  0.700169 -0.036993
-28.951239  9.628662 -18.009974 -0.700181  0.073389  0.058654  0.707757
-24.306696  9.228275 -18.021622 -0.652613 -0.266577 -0.277231  0.652821
-33.298981 10.372350  -9.165690 -0.642319 -0.286192 -0.298816  0.645158
-17.386169  9.151567 -22.833714 -0.707255  0.070304  0.047358  0.701858
 -6.103496  9.061523 -40.263367  0.254575  0.660900  0.657262 -0.257700
-22.427639 10.486097 -29.271864  0.191444  0.682170  0.679427 -0.190714
-27.470867  9.391353 -21.515707 -0.702796 -0.035629 -0.047699  0.708896
-14.691986  9.687441 -25.668543 -0.002526  0.714151  0.699987  0.000506
-29.860256  9.378330 -22.885460 -0.658909 -0.242322 -0.250274  0.666694
-34.477058  9.165382 -28.498878 -0.686164 -0.108227 -0.116276  0.709891
-25.215801  9.150004 -23.974302 -0.621934 -0.328826 -0.335946  0.626268
-25.535112  9.585642 -25.970852 -0.516208  0.485757  0.469155  0.526748
-21.106134  9.414874 -18.469215 -0.700888  0.117432  0.100844  0.696273
-26.303511  9.364939 -17.350563 -0.659331 -0.248328 -0.256756  0.661583
-19.378773  9.012603 -25.796883 -0.625344  0.327182  0.306827  0.638556
 -9.129331  9.294657 -32.059258  0.195541  0.684613  0.673671 -0.198084
 -8.443991  9.606866 -36.158710  0.169238  0.691914  0.680675 -0.171158
-13.054607  9.212101 -25.616272 -0.093863  0.709124  0.693152  0.088726
-34.225632  9.356133 -37.591049 -0.639191 -0.272657 -0.274678  0.664564
-42.312126  9.064675 -25.363815 -0.646236 -0.269047 -0.263118  0.663899
-36.204388  9.553153 -32.525753 -0.574214 -0.404066 -0.408355  0.583314
 -9.986213  9.554366 -40.794544 -0.677618  0.196633  0.194115  0.681534
-16.971767  9.426133 -30.188084 -0.674629  0.213074  0.188844  0.681038
-27.821590  9.474635 -29.080452 -0.594373  0.376649  0.358160  0.613659
-17.407898  9.008265 -21.583359 -0.709022  0.051256  0.031545  0.702613
-22.413668  9.620354 -17.419649 -0.706091 -0.001627 -0.013388  0.707993
 -6.716263  9.991045 -26.823441  0.086539  0.704282  0.698512 -0.092623
-15.539127  8.861206 -22.403673 -0.684906  0.194075  0.180221  0.678792
-31.731668  9.588551 -26.645327 -0.098513  0.703032  0.695643  0.110100
-26.736950  9.060820 -23.478870 -0.611527 -0.349636 -0.354861  0.614706
-17.657299  9.968964 -27.418266  0.039601  0.711962  0.699808 -0.042547
-21.862534  9.664431 -35.983257 -0.271101  0.659317  0.635483  0.296590
-20.262627  9.180978 -20.141003 -0.707161 -0.021061 -0.037125  0.705763
-21.981388  9.795924 -17.447901 -0.138597  0.697860  0.690414  0.130812
-41.061287  9.454505 -33.882481 -0.574431 -0.403739 -0.406182  0.584842
-20.645344 10.016140 -15.046005 -0.321879  0.634823  0.627564  0.315526
-27.461803  9.418503 -21.225775 -0.630603 -0.313882 -0.322013  0.632555
-26.328539  9.262938 -19.886356 -0.642064 -0.289005 -0.298516  0.644296
-32.161003  9.269281 -21.209579 -0.577708 -0.402426 -0.407148  0.581840
-23.893391  9.814495 -26.598450 -0.008151  0.709667  0.704430  0.009188
-22.252121 10.034704 -28.868950 -0.186506  0.690125  0.672474  0.191630
-19.500473  9.153402 -24.471769 -0.704098 -0.011463 -0.031139  0.709327
-23.010334  9.152842 -27.835491 -0.639156 -0.288314 -0.299063  0.647237
-21.688175  9.414764 -22.278332 -0.198400  0.685196  0.672555  0.197013
 -8.461159  9.404531 -30.231636  0.139063  0.696809  0.688627 -0.144607
 -8.676479  9.957453 -29.040684  0.142200  0.692976  0.691862 -0.144539
-24.151089  9.438509 -19.044222 -0.356561  0.615850  0.603308  0.360017
-36.706135  9.430290 -37.677269 -0.590221 -0.379918 -0.380852  0.601875
-29.817612  9.395662 -15.961786 -0.623454 -0.325929 -0.332090  0.628324
-38.327770  9.058022 -33.572693 -0.566852 -0.414988 -0.416374  0.577145
-21.893211  9.548071 -17.973394 -0.646566  0.301917  0.282548  0.641065
 -9.084423  9.381033 -26.790667 -0.166964  0.697837  0.679563  0.152779
-19.201805  9.017836 -21.302895 -0.670854 -0.218319 -0.231309  0.669917
-25.111809  9.151920 -17.284533 -0.657017 -0.252079 -0.259617  0.661350
-10.713224 10.118140 -25.761799  0.068096  0.708718  0.698300 -0.073876
-17.251270 10.323814 -17.617605  0.043810  0.709662  0.701398 -0.050001
-34.119637  9.871905 -26.973959 -0.589332  0.381374  0.361857  0.613434
-24.389664  9.297860 -16.061499 -0.691842 -0.132237 -0.141451  0.695600
-24.510994  9.479813 -18.655277 -0.659585 -0.248321 -0.258131  0.660797
-18.029324  9.104672 -20.980406 -0.617032  0.356708  0.344092  0.611254
-18.473003  9.320679 -21.331089 -0.641836  0.318736  0.293048  0.632912
-46.759895 10.053349 -20.954754 -0.634348 -0.301248 -0.305235  0.643183
 -9.078274 10.176427 -24.393145  0.135324  0.694856  0.691552 -0.143594
-37.189758  9.458875 -27.325325 -0.685130 -0.113350 -0.119684  0.709524
-28.006300 10.643256 -27.365704  0.224284  0.672486  0.669509 -0.221850
-32.408447  9.119386 -30.139065 -0.689590 -0.095132 -0.105476  0.710134
  4.210649  9.748346 -33.519611  0.174998  0.683865  0.684974 -0.180320
-24.260206  8.890482 -28.577267 -0.626388 -0.316819 -0.323217  0.634661
-12.532692  9.515315 -21.945988 -0.056107  0.709219  0.701088  0.048339
 -0.029551  9.385600 -33.568542 -0.002980  0.707384  0.706791 -0.006747
-28.688805 10.193413 -10.336095 -0.630191  0.336716  0.318406  0.622976
-21.690729  9.554862 -20.618862 -0.402392  0.593114  0.574993  0.394563-27.190334 10.311533 -28.688845  0.141895  0.696555  0.689626 -0.138177
-11.199262  9.485957 -34.728531  0.204788  0.683922  0.669585 -0.204864
-12.297256  8.921273 -25.563711 -0.313236  0.644922  0.627910  0.302800
 -5.917587  9.168886 -42.359348  0.301216  0.641514  0.636900 -0.303457
-38.391510  9.499008 -33.561523 -0.629009 -0.306036 -0.311299  0.643259
-22.676382  9.597310 -44.571152 -0.600647 -0.367288 -0.364099  0.609717
-40.435364  9.344678 -36.461079 -0.564996 -0.417752 -0.419394  0.574779
-27.382446  9.811640 -13.095998 -0.704755 -0.056782 -0.066925  0.704001
-26.899147  9.444202 -16.456060 -0.684664 -0.159801 -0.168844  0.690790
-33.167141  9.444532 -20.041098 -0.680738  0.166417  0.163661  0.694346
-26.352608  9.834049 -26.618458  0.053640  0.708782  0.701449 -0.052153
 -2.906291  9.710893 -33.868313  0.143106  0.694408  0.689516 -0.147943
-18.313911  9.581298 -20.240013 -0.301333  0.650275  0.633550  0.291472
 -0.814822  9.495358 -26.435810  0.003545  0.708157  0.705856 -0.016404
-15.196449  9.038463 -22.343569 -0.655155  0.283024  0.267053  0.647574
-22.553080  9.784334 -24.887754 -0.707238  0.058922  0.041910  0.703268
 -3.645823  9.808963 -36.279266  0.043017  0.709136  0.702192 -0.046937
-25.565987  9.179128 -19.238768 -0.661786 -0.236964 -0.244830  0.667792
-15.761700  9.107063 -24.080992 -0.425180  0.571568  0.562390  0.419821
-26.429949  9.560788 -29.779018 -0.661911  0.238465  0.216767  0.676772
-31.601576 10.131578  -9.679953 -0.704073 -0.023014 -0.031086  0.709073
-21.221283  9.398499 -26.671286 -0.675394 -0.193997 -0.207290  0.680616
-13.435796  8.931053 -23.748978 -0.604766  0.388067  0.364935  0.592018
-20.192709  9.125582 -23.438139 -0.685498 -0.169367 -0.180752  0.684643
-21.330509  9.233074 -17.511162 -0.705695 -0.065449 -0.080466  0.700882
-21.437073  9.338934 -17.790279 -0.686849 -0.166033 -0.182705  0.683586
 -2.218072 10.138622 -28.902071  0.188712  0.679888  0.681843 -0.192953
-25.727879  9.341150 -22.227470 -0.658698 -0.248989 -0.260052  0.660677
-16.007721  9.016879 -23.293858 -0.684634  0.200952  0.177510  0.677780
-21.044250  9.269837 -20.538055 -0.702171  0.105528  0.089414  0.698445
-30.039528  9.839399 -16.302986 -0.695418 -0.112612 -0.125903  0.698471
-20.709476  9.394035 -18.512650 -0.663111  0.254522  0.243337  0.660522
-17.318148  9.201484 -19.226665 -0.710711  0.055550  0.038357  0.700238
 -8.545806  9.108992 -25.223288 -0.149621  0.699104  0.686341  0.133426
-28.793167  9.930913 -18.367695 -0.698441  0.104427  0.087389  0.702594
-21.980503  9.224573 -17.018057 -0.675003 -0.209746 -0.222507  0.671467
-27.218376  9.535108 -16.738695 -0.656042 -0.255478 -0.265007  0.658871
-21.323269  9.146376 -23.855793 -0.702105 -0.066086 -0.080540  0.704411
-20.001654  9.257714 -23.255817 -0.689033  0.161171  0.143337  0.691891
 -6.162947  9.642054 -42.539608 -0.013051  0.709087  0.704953  0.008113
-28.625130 10.746293  -4.889409 -0.537077  0.468045  0.454199  0.534963
-11.438991  9.068686 -24.398981 -0.519794  0.498065  0.476952  0.504245
-25.127827  9.179957 -17.810909 -0.662055 -0.237787 -0.245775  0.666884
-28.441349  9.871161 -12.201606 -0.564933  0.429330  0.421978  0.564324
-21.153252  9.136114 -22.737589 -0.682204 -0.170004 -0.179461  0.688107
  2.594616  9.659536 -33.840763  0.140186  0.691869  0.693033 -0.146183
 -0.209914  9.810833 -32.864189  0.066456  0.704689  0.702775 -0.071448
-32.444809  9.852285 -13.632201 -0.646911 -0.277612 -0.284327  0.650842
-19.696005  9.320816 -21.612473 -0.574207  0.425277  0.407583  0.568597
 -9.160737  8.902723 -29.046469 -0.076426  0.713979  0.692847  0.066005
-17.610775  9.954865 -27.619488  0.037883  0.712050  0.699916 -0.040830
-22.355568  9.834204 -24.567396 -0.267577  0.664924  0.642772  0.270413
 -8.868021  9.052550 -22.876328 -0.374897  0.612144  0.598693  0.355386
-20.465183  9.100362 -25.056438 -0.695207 -0.105689 -0.117492  0.701223
-27.973589  9.366130 -33.795559 -0.677520 -0.169534 -0.181239  0.692371
-33.213341 10.082067 -28.544485 -0.100851  0.705568  0.691791  0.115884
-15.468098 10.261384 -26.853674  0.164473  0.689466  0.685479 -0.166445
-15.322834  9.677227 -49.378403 -0.546470 -0.443742 -0.443429  0.554829
 -3.651087 10.002707 -28.340837  0.064251  0.704106  0.704103 -0.065924
-19.278948  9.284613 -18.990341 -0.706160  0.083155  0.067114  0.699942
-29.082699  9.572760 -16.485464 -0.648497 -0.274034 -0.282599  0.651533
-25.607252  9.251665 -24.386240 -0.633657 -0.305600 -0.312314  0.638394
-17.334702  9.520669 -27.464199 -0.138253  0.705990  0.680363  0.139896
-28.011614 10.171273  -7.707698 -0.702247 -0.084320 -0.092939  0.700787
-19.005629  9.434600 -16.436928 -0.697680  0.162697  0.151512  0.681040
-27.798313  9.438023 -29.957623 -0.416155  0.570730  0.561379  0.431203
-22.596447  9.199739 -19.064917 -0.660308 -0.247447 -0.258255  0.660354
-32.406986  9.252534 -34.305370 -0.607765 -0.347827 -0.352418  0.620838
-22.068447  9.181715 -20.194059 -0.652167 -0.265443 -0.274226  0.654994
-12.773075 10.052521 -25.833708  0.074964  0.707843  0.697753 -0.080497
-20.134663  9.379099 -18.628546 -0.699808 -0.107496 -0.122955  0.695411
-26.002954  9.609535 -14.688120 -0.691117 -0.140313 -0.155886  0.691643
-39.816875  9.373050 -36.321716 -0.571297 -0.407817 -0.410510  0.582054
 -3.231080  9.631330 -35.621101  0.143298  0.693414  0.690424 -0.148183
-23.048410 10.656899 -13.749685  0.007692  0.712255  0.701743 -0.013776-42.670753  9.221663 -29.595633 -0.635625 -0.292758 -0.288437  0.653511
-31.903992  9.467174 -21.736797 -0.630378 -0.308762 -0.316199  0.638207
-23.753098  9.372278 -20.862429 -0.695399 -0.111496 -0.128579  0.698180
-24.186480  8.965278 -31.128510 -0.616996 -0.333204 -0.338576  0.627422
-22.975361  9.155403 -24.271608 -0.668614 -0.217582 -0.230203  0.672771
-29.087093  9.375803 -25.581001 -0.578421 -0.401602 -0.406570  0.582105
-24.839058  9.723711 -17.380680 -0.693681 -0.124908 -0.137620  0.695892
 -9.630997  9.325618 -34.476028  0.217071  0.677885  0.667358 -0.219055
-17.642155  9.581970 -23.925617 -0.189983  0.690562  0.672303  0.187187
-41.868507  9.696875 -30.840193 -0.627403 -0.309740 -0.312769  0.642342
-10.290178  8.972636 -25.920982 -0.130594  0.703707  0.687850  0.120852
 -0.498058 10.025625 -29.805872  0.159150  0.688121  0.688880 -0.163108
-20.464550  9.477776 -16.422480 -0.703990 -0.093375 -0.110457  0.695326
 -2.736944 10.141699 -26.677338  0.166907  0.686394  0.687267 -0.169318
-38.322220  9.650463 -16.364967 -0.599307 -0.368716 -0.374285  0.603979
  1.871098  9.534663 -30.267883  0.078769  0.702036  0.702231 -0.088387
 -8.926262  9.467222 -30.076527 -0.199160  0.685503  0.673335  0.192458
-44.763992  9.558272 -31.215843 -0.564013 -0.418811 -0.421592  0.573364
-11.822197  9.244205 -22.017326 -0.401379  0.596151  0.581218  0.381688
-15.414968  8.986937 -29.266209 -0.689135  0.161763  0.137375  0.692859
-24.286070  9.123392 -21.569664 -0.659011 -0.244512 -0.251333  0.665395
 -9.755076  9.659988 -24.708334 -0.005505  0.712604  0.701496 -0.008309
-15.461770  9.086335 -22.235752 -0.516924  0.495695  0.480158  0.506482
-24.399059  9.538187 -17.746052 -0.683588 -0.173606 -0.187037  0.683802
-10.049175  8.829317 -32.212910 -0.270559  0.667207  0.640915  0.266196
-32.215469  9.165751 -32.796806 -0.694343  0.003804  0.002506  0.719630
-26.726189  9.368556 -18.960768 -0.642445 -0.288024 -0.296212  0.645418
-15.913987  9.281014 -19.329912 -0.481627  0.530087  0.517623  0.468092
 -7.084373  9.062151 -31.753897 -0.019483  0.715608  0.698142  0.011105
 -0.844821  9.936655 -28.345207  0.110076  0.697495  0.698741 -0.114655
-28.893250  9.433456 -47.203979 -0.528222 -0.468027 -0.464666  0.534806
-25.726238  9.221497 -18.952091 -0.626796 -0.324615 -0.330548  0.626491
 -6.933389  9.584343 -29.690706  0.153778  0.693084  0.685810 -0.160161
 -7.596302  8.996185 -27.614674 -0.058989  0.712293  0.697811  0.047114
-35.739052 10.207190 -13.810125 -0.627624 -0.315217 -0.326192  0.632712
-29.016191  9.685837 -15.646758 -0.655369 -0.253923 -0.262877  0.660992
-14.560193  9.433713 -22.066429 -0.427368  0.578981  0.557609  0.413775
-23.869684  9.946030 -33.900002  0.184564  0.690795  0.676686 -0.175597
-21.873396  9.151964 -23.049644 -0.702311  0.064190  0.051322  0.707110
 -2.260409  9.431357 -31.962837  0.114813  0.698008  0.695864 -0.123999
-30.858843  9.266533 -23.326666 -0.624292 -0.320933 -0.327187  0.632621
-27.618181  9.960705 -28.505327 -0.163942  0.695049  0.676508  0.179908
-22.675497  9.200004 -21.333908 -0.696175 -0.114119 -0.128207  0.697052
-25.816689  9.285731 -20.639576 -0.684952 -0.163606 -0.174337  0.688244
-31.235250 10.276556 -22.652466  0.163367  0.692447  0.684376 -0.159552
  0.224790  9.412578 -39.482105  0.196181  0.678735  0.678117 -0.202460
 -0.832928  9.649825 -31.851908  0.070064  0.704884  0.701463 -0.078610
-27.776196 10.296263  -9.763828 -0.689476  0.167609  0.152496  0.687950
 -3.817047  9.867922 -26.445147  0.114860  0.699854  0.694401 -0.121733
-29.630434  9.294819 -29.153973 -0.622552  0.323052  0.309418  0.642127
-21.457977  9.071336 -20.404682 -0.666972 -0.229431 -0.239749  0.667106
-27.747522 10.476500  -5.503328 -0.652429  0.280289  0.268392  0.650953
-18.542868  8.992679 -20.057411 -0.697332 -0.120335 -0.134224  0.693709
-31.791607  9.116581 -32.087639 -0.676982 -0.164381 -0.172166  0.696443
-30.175808  9.556398 -13.070694 -0.596026 -0.377572 -0.382223  0.596740
-16.477283  9.137433 -22.834095 -0.696723  0.140253  0.121338  0.692952
-24.826046  9.666660 -50.602905 -0.545376 -0.449309 -0.444427  0.550610
-24.163395  9.186323 -19.876427 -0.626306  0.330028  0.322428  0.628381
-21.289444  9.241741 -25.162930 -0.649282 -0.272085 -0.280317  0.652553
-38.220840  9.616081 -17.918034 -0.601777 -0.365374 -0.369764  0.606334
-30.216537  9.542278 -28.084797 -0.683534 -0.152170 -0.164637  0.694637
-19.631626  8.768227 -28.885731 -0.656031 -0.252944 -0.262607  0.660818
 -1.845367  9.720282 -39.791889  0.111729  0.699365  0.695987 -0.118357
-11.555332  9.352089 -27.486794 -0.504436  0.515571  0.487191  0.492316
-18.099163  9.243222 -19.982719 -0.697889  0.143481  0.124046  0.690635
-29.248062  9.458054 -16.162636 -0.608573 -0.354556 -0.362084  0.610593
-11.027546  9.601192 -28.260822 -0.184847  0.692828  0.673672  0.178849
-16.261187  9.245070 -21.612896 -0.550498  0.457829  0.440024  0.541962
-17.131725  9.044163 -20.807205 -0.573989  0.422654  0.412218  0.567430
-23.173553 10.055264 -12.651293 -0.558688  0.446500  0.428940  0.551830
-15.387155  9.128733 -21.649429 -0.623000  0.348671  0.334784  0.614995
 -0.670634  9.549751 -28.924835  0.169202  0.685811  0.685200 -0.177582