-25.142279 10.742325 -24.064335 -0.549899 -0.441587 -0.460573 0.538967
-10.284322 9.847104 -14.874313 0.212086 0.675076 0.673668 -0.213223
15.540927 9.584166 5.374484 0.082578 0.701187 0.703095 -0.084707
-18.661861 10.139431 -25.122326 0.229580 0.670416 0.668125 -0.226814
17.819223 10.096504 -29.833447 0.170879 0.684755 0.686785 -0.173891
-33.216240 10.218144 -32.103149 0.458228 0.546156 0.535956 -0.452207
4.479290 9.815264 -6.202064 0.088433 0.700641 0.702156 -0.090878
11.786001 10.592472 -68.332817 0.329849 0.625007 0.625717 -0.330220
0.086307 9.653143 -40.294098 0.366209 0.604185 0.603265 -0.370031
6.476852 9.733631 -19.559916 0.180772 0.682641 0.683704 -0.184042
17.047930 9.938122 -13.118617 0.160692 0.687443 0.688922 -0.164277
-23.449701 10.156401 -22.585192 0.252528 0.663340 0.658941 -0.249011
18.865568 9.800876 2.912401 0.058292 0.703753 0.705511 -0.059900
1.352044 9.319338 -19.921080 0.363592 0.605532 0.604049 -0.369130
-19.376612 9.624233 -26.535618 0.412865 0.575523 0.570787 -0.415352
-51.233559 9.979109 -38.975143 -0.547265 -0.446122 -0.459645 0.538705
1.242327 9.944827 -1.591332 0.219885 0.671809 0.671234 -0.223088
-29.061964 10.418676 7.956649 0.446238 0.549746 0.543669 -0.450639
-44.204700 10.156094 1.982901 0.369356 0.606699 0.600345 -0.367530
-39.024330 10.612103 -49.708061 -0.523685 -0.466987 -0.485711 0.521309
4.621666 9.933839 -41.894783 0.299407 0.639554 0.639980 -0.302905
3.718002 9.620124 -54.323647 0.403051 0.580963 0.580854 -0.403288
3.835781 9.838923 3.721548 0.106064 0.697491 0.700296 -0.108824
5.132669 9.686498 -15.296520 0.174713 0.684210 0.685204 -0.178406
11.975631 10.060471 -8.447317 0.255334 0.658483 0.658523 -0.259905
7.883582 10.044218 -23.140898 0.139755 0.691956 0.693964 -0.141702
0.948809 9.774180 -14.052448 0.169095 0.685970 0.686471 -0.172076
0.585062 9.864916 -67.817513 0.370903 0.601607 0.602487 -0.370823
-17.873571 10.044066 -9.396351 0.250878 0.663390 0.658847 -0.250789
-11.381415 10.075682 -23.979532 0.198150 0.678989 0.678840 -0.197195
1.181002 9.491791 -29.942648 0.397832 0.583908 0.581548 -0.403217
-3.098505 10.271736 -60.284973 0.310707 0.635129 0.635861 -0.309439
-57.962044 9.952428 -37.077232 0.522488 0.523526 0.478104 -0.473649
19.882414 9.963156 5.413131 0.005507 0.705813 0.708348 -0.006420
10.880280 9.823603 9.996956 0.258678 0.656591 0.657463 -0.264040
-10.350362 9.543045 -3.525261 0.430657 0.560488 0.556925 -0.436145
11.866355 9.480876 10.596289 0.071929 0.702545 0.704089 -0.074263
7.368636 9.389859 -14.264238 0.361963 0.606334 0.605015 -0.367830
-45.772148 9.492031 6.833707 -0.606227 -0.366501 -0.380507 0.594458
13.251489 9.662342 8.575188 0.118714 0.695564 0.698058 -0.121711
-26.477259 9.950706 -1.273255 -0.552656 -0.441709 -0.456710 0.539333
-31.615889 9.954166 0.405338 0.438379 0.556675 0.550190 -0.441845
-28.100588 10.266365 -11.040155 0.284201 0.651742 0.644665 -0.280838
-4.660129 9.736637 -15.313025 0.297689 0.641064 0.639782 -0.301822
-21.628626 10.175436 2.511929 0.233621 0.667648 0.666204 -0.236304
4.269508 9.861408 -4.709592 0.072730 0.702103 0.704504 -0.073734
7.737773 9.654853 4.794772 0.172487 0.684885 0.685805 -0.175646
-29.467903 10.464234 -16.665668 0.188197 0.809322 0.514535 -0.211740
5.378765 10.250273 -65.009163 0.369534 0.602210 0.601846 -0.372250
-46.427979 9.711674 -35.254471 0.485551 0.523777 0.514487 -0.474554
-5.083026 9.574195 2.184334 0.409926 0.575109 0.572570 -0.416384
-27.573214 9.886379 -53.441368 0.429277 0.564707 0.561351 -0.426278
-4.918715 9.861378 -17.592945 0.440991 0.552460 0.549208 -0.445742
-34.500530 9.939644 -54.303902 0.401412 0.585871 0.582797 -0.394932
-20.112329 10.180672 -20.834887 0.249926 0.663691 0.660011 -0.247865
1.227960 9.951030 -30.534817 0.238109 0.665740 0.664917 -0.240790
-31.794130 10.162214 -42.540203 -0.536012 -0.458300 -0.473557 0.527632
-46.915321 9.587873 -5.176835 0.455188 0.545556 0.538542 -0.452931
-14.005277 9.678236 3.843431 0.434133 0.557729 0.553803 -0.440194
-15.327466 9.490369 -2.676057 0.346352 0.616394 0.614066 -0.350744
16.449753 10.888045 8.864520 0.041356 0.704073 0.707590 -0.043444
-23.022543 9.681177 -14.621605 0.329399 0.628025 0.623099 -0.329892
-4.970276 9.839977 -26.366127 0.257412 0.659128 0.657197 -0.259578
-10.609487 9.768691 -19.014338 0.249656 0.662395 0.660232 -0.250994
-20.858339 9.671059 -48.873604 0.393000 0.589354 0.587066 -0.391875
7.028070 10.462618 -41.729591 0.266718 0.654394 0.654219 -0.269497
10.203483 9.981259 -2.435765 0.023952 0.705224 0.708141 -0.024951
-18.493618 10.052766 -28.299726 0.251649 0.662646 0.659827 -0.249404
0.324494 9.706371 -47.140003 0.373774 0.599600 0.598884 -0.376977
-1.099645 10.030556 -7.241215 0.102017 0.698903 0.700305 -0.103441
-57.159248 10.016712 -11.650558 0.445855 0.554695 0.547486 -0.440211
-5.142694 9.866212 -2.706474 0.226676 0.670289 0.668280 -0.229636
-1.428820 10.042735 8.887081 0.399729 0.581881 0.579762 -0.406826
-12.473090 9.953144 9.410160 0.238424 0.665041 0.664716 -0.242956
6.487001 9.452242 -35.695854 0.365197 0.604528 0.603546 -0.370013
-37.064892 10.137074 -3.590366 0.324466 0.631157 0.626187 -0.322884
5.798277 9.748162 7.349845 0.062299 0.702890 0.705551 -0.065287
-5.142694 9.866212 -2.706474 0.226676 0.670289 0.668280 -0.229636
-66.562729 10.304254 7.875444 -0.560334 -0.429642 -0.443731 0.551848
-23.609755 9.578341 -2.799433 0.396512 0.585988 0.582006 -0.400831
-12.019801 10.225422 -9.652305 0.157084 0.689350 0.689455 -0.157396
2.964039 9.527641 -45.686203 0.378359 0.596582 0.595768 -0.382093
-12.191434 9.603595 -2.372533 0.409934 0.575813 0.572594 -0.415367
-23.757252 9.758686 -3.655143 0.364954 0.606097 0.602959 -0.368640
-64.840584 10.344917 -11.086380 -0.540969 -0.448631 -0.465569 0.537893
-12.028378 9.393608 -47.464684 0.410269 0.576362 0.574370 -0.411807
-7.687636 9.607990 -61.370380 0.400815 0.582650 0.581993 -0.401435
-9.234290 10.044905 -20.921591 0.188264 0.681538 0.681629 -0.188270
15.984578 10.000240 -4.874055 0.245380 0.662042 0.662544 -0.250047
-28.100588 10.266365 -11.040155 0.284201 0.651742 0.644665 -0.280838
-18.163528 9.562761 -15.420586 0.428096 0.563900 0.558360 -0.432418
2.188910 9.921186 -16.002501 0.250604 0.660962 0.659703 -0.255183
-55.962616 10.232034 -5.719990 0.458559 0.542837 0.535936 -0.455877
-38.276775 9.914268 -11.382012 0.353502 0.617140 0.609982 -0.349422
2.455860 9.874557 -27.719362 0.185864 0.681137 0.682805 -0.187841
-5.036945 9.655901 -50.657360 0.324903 0.627507 0.627811 -0.326383
15.329627 9.535295 4.609688 0.030203 0.705015 0.707831 -0.031886
16.007956 9.860080 -18.642969 0.132070 0.693255 0.695503 -0.135017
-13.573690 9.920097 9.380754 0.258103 0.658082 0.656812 -0.262505
-55.543594 10.105997 1.011881 -0.544561 -0.442989 -0.463652 0.540593
15.160842 10.188309 -15.639431 0.222574 0.670279 0.670552 -0.227038
6.593469 9.538628 -41.559204 0.370387 0.601372 0.600340 -0.375176
-4.168400 9.733932 -7.562351 0.339524 0.619922 0.618048 -0.344147
-63.220894 10.225615 0.968638 -0.561356 -0.428199 -0.442095 0.553241
-6.610853 10.154577 -13.530323 0.120555 0.696519 0.696759 -0.121881
19.273781 9.806887 6.232934 0.040137 0.704616 0.707257 -0.041142
7.182537 9.712834 -12.224466 0.148281 0.690412 0.691525 -0.152110
-20.937502 9.909367 -3.688996 -0.563949 -0.428053 -0.442149 0.550669
-31.444296 9.375442 -10.633983 0.436508 0.559295 0.552582 -0.437383
20.523806 9.764523 -6.691031 -0.012968 0.705988 0.707986 0.013020
20.650721 9.827016 0.901260 0.023918 0.705792 0.707578 -0.024882
-10.551954 9.356747 -20.601492 0.390211 0.589903 0.586285 -0.394993
-36.260529 10.201325 -33.728737 -0.547523 -0.445666 -0.460206 0.538340
-5.899042 10.045153 -24.072695 0.176541 0.684158 0.685207 -0.176784
-16.589506 9.691298 -15.774603 0.431597 0.560705 0.555931 -0.436204
-34.683487 10.219040 6.758766 0.373249 0.601582 0.597384 -0.376719
-5.362883 9.873312 -61.605690 0.334612 0.622755 0.623061 -0.334674
-36.935055 9.966488 -47.835938 0.449301 0.549654 0.545544 -0.445412
-43.966179 9.891811 -12.352779 0.437674 0.558768 0.552603 -0.436864
-57.217346 9.994680 -24.786234 0.453177 0.549585 0.542768 -0.444961
-42.780609 9.773887 -22.540668 0.390956 0.594262 0.587559 -0.385722
-36.759064 9.712942 -34.997375 0.428360 0.567103 0.561776 -0.423450
-25.640011 9.827528 -15.507000 0.321772 0.632481 0.627353 -0.320716
-35.874306 10.320871 7.523875 0.397539 0.585791 0.581080 -0.401444
-71.454063 10.453440 -8.658566 -0.560217 -0.429448 -0.442621 0.553008
-41.340446 9.733889 -23.822908 0.426379 0.568283 0.562516 -0.422884
-25.532598 10.180580 8.281246 0.373477 0.600619 0.596951 -0.378709
-1.252921 9.745759 -55.638035 0.333392 0.622970 0.623312 -0.335023
-20.717079 10.132372 -20.047354 0.236494 0.668628 0.665104 -0.233763
2.295526 9.349415 -14.625085 0.337268 0.620457 0.619438 -0.342901
-24.978224 9.833876 -16.308098 0.444579 0.552565 0.545297 -0.446847
7.872284 10.244118 -56.965744 0.301941 0.638453 0.639279 -0.304191
-59.481815 10.200001 5.865063 0.476135 0.540367 0.521726 -0.457275
-63.179310 10.255245 1.707196 0.457083 0.544649 0.537738 -0.453068
-5.898354 9.743198 -3.656686 0.170457 0.687019 0.684910 -0.172767
-70.559509 10.466064 7.661183 -0.608658 -0.360131 -0.374096 0.599912
6.611366 9.527851 -36.745972 0.372588 0.600051 0.598612 -0.377863
13.709327 9.899681 -17.411728 0.080557 0.700730 0.704062 -0.082367
-11.595405 9.805131 5.181243 0.201503 0.676604 0.677842 -0.205266
-24.174677 10.418809 7.845762 -0.545045 -0.446764 -0.468445 0.532811
-21.787504 9.580631 -40.843502 0.328946 0.628309 0.625243 -0.325720
-6.112175 9.443392 -28.820358 0.419352 0.569581 0.565888 -0.423665
12.311914 9.896429 -26.279696 0.165162 0.686237 0.688233 -0.167737
-8.778924 9.566385 -2.226700 0.431823 0.559442 0.556267 -0.437173
-29.429052 10.409403 -11.369315 0.242356 0.668740 0.661154 -0.238593
-25.637808 10.304165 5.503659 0.273589 0.652168 0.650431 -0.277065
0.515141 9.715071 -1.018898 0.339296 0.619659 0.618334 -0.344331
-2.203196 9.847305 -41.444901 0.261150 0.657163 0.656545 -0.262461
-37.826141 10.272665 -24.357365 -0.552843 -0.439161 -0.453922 0.543559
-0.993737 9.443651 -51.696926 0.382165 0.594572 0.594187 -0.383896
16.122366 9.747971 -1.916820 0.081847 0.701268 0.703192 -0.083936
-14.811242 9.575701 -35.160400 0.419799 0.570002 0.566248 -0.422173
8.224834 9.781500 -18.674124 0.062744 0.703183 0.705323 -0.064155
-38.712833 9.977978 9.345538 -0.568108 -0.421360 -0.436022 0.556411
-25.532598 10.180580 8.281246 0.373477 0.600619 0.596951 -0.378709
-29.081898 10.707443 -31.711199 -0.541014 -0.451305 -0.469505 0.532158
-46.446190 9.854349 -0.910913 -0.585846 -0.395691 -0.410693 0.575799
-25.112936 10.170715 -19.696329 0.230789 0.671173 0.667028 -0.226576
7.378123 9.774376 -17.950727 0.382076 0.594137 0.591983 -0.388040
10.252021 9.664639 -1.893298 0.110782 0.697515 0.698811 -0.113417
3.501950 9.881866 -21.535536 0.121442 0.695047 0.697818 -0.123335
-1.860661 9.737417 -13.516209 0.214905 0.673522 0.672699 -0.218313
-28.441256 10.194028 -23.822699 0.280452 0.652880 0.647209 -0.276070
-42.274414 10.187388 -17.771780 -0.572056 -0.414275 -0.429319 0.562861
-9.246179 10.620216 6.225859 -0.546589 -0.447020 -0.469090 0.530442
-19.454184 10.098222 -31.710512 0.256012 0.661456 0.658137 -0.252566
-0.251421 9.733647 6.304116 0.117214 0.696550 0.697588 -0.120205
-63.166824 10.069437 4.298770 0.404580 0.589631 0.578843 -0.391906
1.495412 9.454351 -44.791817 0.381296 0.594853 0.594074 -0.384498
16.997492 10.506100 -35.281216 0.217157 0.671737 0.672956 -0.220779
-38.170670 9.993390 -64.289787 0.449862 0.550622 0.547258 -0.441529
-45.630478 9.770221 -41.449581 -0.569270 -0.417656 -0.432588 0.560680
-45.499561 10.402502 8.184289 0.384524 0.596148 0.589972 -0.385594
7.368636 9.389859 -14.264238 0.361963 0.606334 0.605015 -0.367830
-5.991384 9.671738 -15.490076 0.224359 0.670700 0.669558 -0.226972
-12.733808 9.913075 -10.531105 0.197331 0.680352 0.677399 -0.198273
21.244246 11.010185 6.178668 0.001627 0.705294 0.708906 -0.003106
-49.388084 10.002595 0.715194 0.428538 0.565408 0.559486 -0.428537
-26.789690 9.635191 -42.505016 0.388836 0.593186 0.589877 -0.385982
8.094155 10.275124 -67.087822 0.367031 0.603676 0.603666 -0.369393
11.542629 10.046652 -34.023621 0.199609 0.677260 0.678613 -0.202386
11.637898 9.942215 -23.931725 0.103387 0.697732 0.701089 -0.104668
-10.346930 9.816078 -9.421762 0.227562 0.670569 0.667722 -0.229565
18.161137 9.986565 -15.469353 0.234909 0.665771 0.666451 -0.239603
3.710896 9.491163 -34.714474 0.393353 0.586824 0.584873 -0.398540
0.515141 9.715071 -1.018898 0.339296 0.619659 0.618334 -0.344331
-20.727495 9.483867 2.555069 0.371705 0.601723 0.598182 -0.376753
-12.415124 9.525614 -49.258839 0.362116 0.607577 0.606752 -0.362732
-4.308744 9.759056 -16.488272 0.434842 0.556988 0.554045 -0.440126
-27.982939 10.421546 -25.252081 -0.560164 -0.431009 -0.446213 0.548946
-20.593187 9.947021 2.017945 0.326750 0.627534 0.624525 -0.330762
1.495412 9.454351 -44.791817 0.381296 0.594853 0.594074 -0.384498
-71.601410 10.340899 3.462499 0.463500 0.541523 0.533349 -0.455478
-26.173468 10.320639 -23.194233 0.491132 0.518689 0.503510 -0.486033
0.141776 9.543175 -29.698486 0.415020 0.572231 0.569529 -0.419460
-1.777158 9.875595 -20.597990 0.182102 0.682583 0.683395 -0.184093
-11.214309 9.919047 2.932248 0.248343 0.662811 0.660080 -0.251597
-41.889725 10.426287 6.353808 0.407610 0.579329 0.574138 -0.410607
-32.433323 10.555540 -38.436142 -0.546997 -0.445805 -0.461594 0.537572
-43.657730 9.519880 2.166901 -0.603106 -0.371459 -0.385320 0.591448
-22.380125 10.054485 -4.514298 0.451197 0.545519 0.539380 -0.455959
19.832510 9.810505 1.873379 0.038831 0.705310 0.706732 -0.039488
-57.944229 9.828556 -32.496861 0.499981 0.522332 0.501657 -0.474898
-11.439833 10.230114 -13.132837 0.146457 0.692180 0.691328 -0.146641
-46.352428 9.851271 -19.995798 0.352197 0.622337 0.610589 -0.340345
-54.942532 9.599521 3.072376 -0.615874 -0.349594 -0.363021 0.605556
17.786114 9.780409 -7.709063 0.019646 0.705325 0.708310 -0.020660
-22.148603 10.152850 -25.926352 0.247625 0.664979 0.660948 -0.244198
-33.027786 9.597568 -16.981260 0.393722 0.590108 0.584860 -0.393312
-10.928384 9.659534 -12.273186 0.251919 0.661736 0.658979 -0.253748
2.964039 9.527641 -45.686203 0.378359 0.596582 0.595768 -0.382093
9.447898 9.910209 -27.058100 0.251225 0.660423 0.659812 -0.255688
-10.792164 9.507902 -45.489449 0.455459 0.542313 0.539083 -0.455899
15.675194 10.065163 -19.121305 0.222227 0.670313 0.670751 -0.226689
-15.035972 9.895451 -8.591522 0.253455 0.661933 0.657870 -0.254583
-5.298621 9.853329 -1.388478 0.261941 0.657409 0.654887 -0.265184
-58.513420 10.089231 0.596538 -0.555911 -0.435032 -0.449315 0.547565
-14.171926 9.476221 -27.676689 0.356229 0.612052 0.608400 -0.358249
-15.502602 9.494407 -41.313515 0.429155 0.562934 0.559634 -0.430978
6.155409 9.727159 7.131409 0.185346 0.681501 0.682294 -0.188885
3.157300 9.693070 10.208287 0.255702 0.658295 0.658403 -0.260328
0.989771 9.794391 -19.052900 0.229011 0.668673 0.668037 -0.232716
-35.262432 9.637547 -54.438351 0.450414 0.549484 0.545882 -0.444080
-53.257393 10.245573 -28.319817 -0.538553 -0.453529 -0.468256 0.533862
-38.808922 9.591500 -4.332965 0.452585 0.547726 0.539922 -0.451272
17.860952 10.017168 -11.930193 0.080400 0.701225 0.703620 -0.082086
11.457191 9.894203 -16.532801 0.121455 0.695348 0.697397 -0.124002
1.683285 9.722313 -12.067883 0.168299 0.686102 0.686633 -0.171681
-11.439833 10.230114 -13.132837 0.146457 0.692180 0.691328 -0.146641
-27.865154 10.085806 2.356098 0.281277 0.649631 0.646802 -0.283743
12.398623 10.023003 -12.185686 0.252500 0.659488 0.659677 -0.257185
-67.994553 10.065202 -33.084263 0.489386 0.524439 0.513886 -0.470516
-9.390380 9.913236 2.613456 0.241774 0.665183 0.662657 -0.244870
0.141776 9.543175 -29.698486 0.415020 0.572231 0.569529 -0.419460
-17.812971 9.830420 -11.369005 0.189373 0.684106 0.678744 -0.188268
-10.928384 9.659534 -12.273186 0.251919 0.661736 0.658979 -0.253748
-4.886722 9.843046 -22.485329 0.204101 0.676738 0.676836 -0.205576
-4.640182 9.947159 -30.250095 0.234138 0.667552 0.666532 -0.235136
9.804093 9.703307 7.135206 0.185943 0.681011 0.682401 -0.189679
-49.244354 10.019953 -24.225960 0.453195 0.547793 0.541947 -0.448142
-48.820194 9.921368 -5.560602 0.454482 0.545382 0.538808 -0.453532
-27.743101 10.452105 -11.050959 0.240391 0.667822 0.663200 -0.237469
5.144160 9.597050 -16.006266 0.403187 0.580185 0.577606 -0.408898
-0.986824 9.702179 4.345454 0.260276 0.657211 0.656187 -0.264100
-2.287560 9.957096 -6.895198 0.126216 0.695727 0.695300 -0.128809
-60.258133 9.859394 -32.210468 -0.558162 -0.432964 -0.445945 0.549664
-15.502602 9.494407 -41.313515 0.429155 0.562934 0.559634 -0.430978
-29.489332 10.334471 -32.659859 -0.546012 -0.447591 -0.463417 0.535517
-15.035972 9.895451 -8.591522 0.253455 0.661933 0.657870 -0.254583
-34.425537 10.129929 1.918309 0.335358 0.625103 0.619850 -0.335510
-60.862904 10.062927 -13.932816 -0.562888 -0.425487 -0.439511 0.555831
9.386304 10.001860 -21.208313 0.249292 0.661090 0.660550 -0.253943
-11.191590 9.789446 -22.380541 0.250938 0.661900 0.660016 -0.251589
-66.295853 10.132962 -3.410228 0.444472 0.556472 0.548899 -0.437599
-26.092443 9.648808 -15.735821 0.413886 0.575298 0.569686 -0.416159
-15.154771 9.933226 9.598219 0.310127 0.635291 0.633236 -0.315023
-16.389683 9.815675 -15.189276 -0.535217 -0.461843 -0.479754 0.519692
-33.906063 9.635691 2.954675 -0.592296 -0.388531 -0.402666 0.579732
-28.224016 10.153364 -2.687929 0.278764 0.651300 0.648167 -0.279247
19.092659 9.909134 -19.682924 0.178574 0.682939 0.684377 -0.182576
18.654333 10.189600 -12.823421 0.201255 0.676709 0.677710 -0.205599
-17.980400 10.201370 -30.075895 0.251291 0.663406 0.659476 -0.248670
-60.327370 10.168245 7.756701 -0.564335 -0.425236 -0.439131 0.554855
5.454213 9.403653 -40.996849 0.387255 0.590934 0.589695 -0.391269
-12.162385 10.103210 -7.186875 0.174091 0.684940 0.685582 -0.174721
-5.848264 9.883835 -2.843652 0.255570 0.660036 0.657339 -0.258730
3.194660 9.411058 -38.943802 0.373177 0.599790 0.598765 -0.377455
-57.344379 9.986884 -55.322517 0.494671 0.518774 0.511355 -0.474015
9.456938 9.709169 5.323936 0.203561 0.676085 0.677103 -0.207373
-1.109231 10.082766 -12.965639 0.089556 0.700650 0.701968 -0.091153
-10.786611 10.309999 -31.561420 0.256142 0.660607 0.657693 -0.255791
11.457191 9.894203 -16.532801 0.121455 0.695348 0.697397 -0.124002
-12.643552 10.124163 -17.285278 0.162655 0.688910 0.687459 -0.162315
-52.051476 9.736673 3.871247 -0.590383 -0.389497 -0.403278 0.580609
-9.302879 9.577627 -22.140228 0.426811 0.563885 0.560105 -0.431449
15.054249 9.822641 -1.738767 0.118319 0.696089 0.697768 -0.120746
14.255313 9.650928 -5.961934 0.008762 0.705662 0.708430 -0.009537
-40.722942 9.763959 -35.410263 0.481043 0.526027 0.517581 -0.473290
-54.774120 10.265448 -46.459534 -0.544757 -0.448207 -0.461794 0.537677
-3.207625 9.370835 -3.184083 0.408508 0.576395 0.573774 -0.414334
-27.941364 9.995052 -42.802353 0.454802 0.545304 0.539709 -0.452232
5.850092 9.996983 -25.425884 0.133336 0.692833 0.695715 -0.134849
14.822614 9.899257 -15.586895 0.074920 0.701414 0.704636 -0.076770
-60.762123 9.775427 -20.277590 -0.576472 -0.408917 -0.421873 0.567882
-0.993737 9.443651 -51.696926 0.382165 0.594572 0.594187 -0.383896
-7.322234 10.026242 -20.232988 0.184837 0.682418 0.682517 -0.185234
-69.340195 9.929737 -3.282497 0.454762 0.549458 0.541135 -0.445489
0.998112 9.504871 -52.041458 0.378030 0.597098 0.596738 -0.380093
-23.958796 9.852624 -23.590870 0.454912 0.543534 0.537248 -0.457155
-25.604929 10.191208 -42.083607 -0.529494 -0.463346 -0.482936 0.521267
-26.477259 9.950706 -1.273255 -0.552656 -0.441709 -0.456710 0.539333
-1.746806 9.821905 -67.289169 0.380308 0.596087 0.596590 -0.379640
-48.005547 10.123543 6.564279 0.416334 0.574740 0.568014 -0.416774
-1.252921 9.745759 -55.638035 0.333392 0.622970 0.623312 -0.335023
10.243627 9.777024 2.690234 0.199810 0.677362 0.678132 -0.203456
-14.909129 10.025348 -20.176517 0.228756 0.670394 0.668066 -0.227883
-11.542947 9.530016 -1.530942 0.375636 0.598832 0.596215 -0.380560