-405.263153 100.0 -531.578918 0.449525 0.545827 0.545827 -0.449525
-278.947357 100.0 -215.789474 -0.548297 -0.446509 -0.446509 0.548297
200.000000 100.0 57.807018 0.141293 0.692847 0.692847 -0.141293
-405.263153 100.0 -136.842102 0.412468 0.574343 0.574343 -0.412468
-531.578918 100.0 -610.526306 0.484616 0.514925 0.514925 -0.484616
-405.263153 100.0 -610.526306 0.431232 0.560392 0.560392 -0.431232
74.210526 100.0 -26.578947 0.253404 0.660141 0.660141 -0.253404
-278.947357 100.0 -294.736847 -0.533234 -0.464394 -0.464394 0.533234
-51.578945 100.0 -195.350876 0.118308 0.697139 0.697139 -0.118308
-405.263153 100.0 -136.842102 0.353553 0.612372 0.612372 -0.353553
-405.263153 100.0 -215.789474 0.449525 0.545827 0.545827 -0.449525
-447.368408 100.0 21.052631 0.353553 0.612372 0.612372 -0.353553
15.789474 100.0 21.052631 0.412468 0.574343 0.574343 -0.412468
-114.473686 100.0 57.807018 0.253404 0.660141 0.660141 -0.253404
-236.842102 100.0 -531.578918 -0.517588 -0.481770 -0.481770 0.517588
-657.894714 100.0 -294.736847 0.484616 0.514925 0.514925 -0.484616
-236.842102 100.0 -57.894737 0.467326 0.530666 0.530666 -0.467326
-489.473694 100.0 21.052631 -0.589826 -0.390008 -0.390008 0.589826
-363.157898 100.0 -373.684204 -0.517588 -0.481770 -0.481770 0.517588
-110.526314 100.0 -689.473694 0.353553 0.612372 0.612372 -0.353553
-110.526314 100.0 -373.684204 0.412468 0.574343 0.574343 -0.412468
-363.157898 100.0 -136.842102 -0.548297 -0.446509 -0.446509 0.548297
-615.789490 100.0 -136.842102 -0.614312 -0.350173 -0.350173 0.614312
-405.263153 100.0 21.052631 -0.625554 -0.329670 -0.329670 0.625554
-405.263153 100.0 -452.631592 0.484616 0.514925 0.514925 -0.484616
-114.473686 100.0 -195.350876 0.231439 0.668159 0.668159 -0.231439
-657.894714 100.0 -294.736847 -0.589826 -0.390008 -0.390008 0.589826
-51.578945 100.0 57.807018 0.231439 0.668159 0.668159 -0.231439
-363.157898 100.0 -531.578918 -0.517588 -0.481770 -0.481770 0.517588
-700.000000 100.0 100.000000 -0.562760 -0.428137 -0.428137 0.562760
-700.000000 100.0 100.000000 -0.636112 -0.308807 -0.308807 0.636112
-321.052643 100.0 -215.789474 -0.533234 -0.464394 -0.464394 0.533234
-700.000000 100.0 -294.736847 -0.576608 -0.409296 -0.409296 0.576608
-51.578945 100.0 -364.122803 0.164123 0.687796 0.687796 -0.164123
137.105270 100.0 -321.929840 0.253404 0.660141 0.660141 -0.253404
-26.315788 100.0 -452.631592 0.431232 0.560392 0.560392 -0.431232
-615.789490 100.0 100.000000 -0.501376 -0.498620 -0.498620 0.501376
-363.157898 100.0 -531.578918 0.373607 0.600348 0.600348 -0.373607
-194.736847 100.0 -294.736847 0.353553 0.612372 0.612372 -0.353553
57.894737 100.0 -452.631592 0.373607 0.600348 0.600348 -0.373607
-278.947357 100.0 -610.526306 0.431232 0.560392 0.560392 -0.431232
-615.789490 100.0 -294.736847 -0.562760 -0.428137 -0.428137 0.562760
-363.157898 100.0 -452.631592 0.467326 0.530666 0.530666 -0.467326
-194.736847 100.0 -294.736847 0.484616 0.514925 0.514925 -0.484616
-405.263153 100.0 -531.578918 0.412468 0.574343 0.574343 -0.412468
-489.473694 100.0 -294.736847 -0.548297 -0.446509 -0.446509 0.548297
200.000000 100.0 -364.122803 0.071975 0.703434 0.703434 -0.071975
-114.473686 100.0 -364.122803 0.209221 0.675445 0.675445 -0.209221
-26.315788 100.0 -689.473694 0.373607 0.600348 0.600348 -0.373607
-615.789490 100.0 -531.578918 -0.533234 -0.464394 -0.464394 0.533234
-531.578918 100.0 21.052631 -0.589826 -0.390008 -0.390008 0.589826
-700.000000 100.0 -136.842102 -0.625554 -0.329670 -0.329670 0.625554
200.000000 100.0 -68.771927 0.253404 0.660141 0.660141 -0.253404
-363.157898 100.0 100.000000 -0.517588 -0.481770 -0.481770 0.517588
-278.947357 100.0 -215.789474 0.467326 0.530666 0.530666 -0.467326
-240.263153 100.0 -26.578947 0.253404 0.660141 0.660141 -0.253404
100.000000 100.0 -294.736847 0.412468 0.574343 0.574343 -0.412468
200.000000 100.0 -68.771927 0.025327 0.706653 0.706653 -0.025327
-573.684204 100.0 21.052631 -0.576608 -0.409296 -0.409296 0.576608
-615.789490 100.0 -373.684204 -0.614312 -0.350173 -0.350173 0.614312
11.315789 100.0 -237.543854 0.209221 0.675445 0.675445 -0.209221
-489.473694 100.0 -57.894737 -0.589826 -0.390008 -0.390008 0.589826
-573.684204 100.0 100.000000 0.449525 0.545827 0.545827 -0.449525
-26.315788 100.0 -531.578918 0.467326 0.530666 0.530666 -0.467326
-236.842102 100.0 -136.842102 0.449525 0.545827 0.545827 -0.449525
-114.473686 100.0 100.000000 0.209221 0.675445 0.675445 -0.209221
-405.263153 100.0 -452.631592 -0.533234 -0.464394 -0.464394 0.533234
-26.315788 100.0 -531.578918 0.373607 0.600348 0.600348 -0.373607
-700.000000 100.0 -57.894737 0.449525 0.545827 0.545827 -0.449525
-363.157898 100.0 100.000000 -0.548297 -0.446509 -0.446509 0.548297
-573.684204 100.0 100.000000 0.431232 0.560392 0.560392 -0.431232
137.105270 100.0 -153.157898 0.231439 0.668159 0.668159 -0.231439
137.105270 100.0 -237.543854 0.118308 0.697139 0.697139 -0.118308
74.210526 100.0 -195.350876 0.231439 0.668159 0.668159 -0.231439
-657.894714 100.0 -136.842102 -0.501376 -0.498620 -0.498620 0.501376
-573.684204 100.0 -452.631592 -0.533234 -0.464394 -0.464394 0.533234
137.105270 100.0 -321.929840 0.141293 0.692847 0.692847 -0.141293
-447.368408 100.0 21.052631 -0.645974 -0.287606 -0.287606 0.645974
-489.473694 100.0 -373.684204 0.393252 0.587667 0.587667 -0.393252
-657.894714 100.0 100.000000 0.484616 0.514925 0.514925 -0.484616
-363.157898 100.0 -452.631592 -0.517588 -0.481770 -0.481770 0.517588
-489.473694 100.0 -57.894737 -0.517588 -0.481770 -0.481770 0.517588
-405.263153 100.0 -215.789474 0.431232 0.560392 0.560392 -0.431232
-68.421051 100.0 -452.631592 0.412468 0.574343 0.574343 -0.412468
-26.315788 100.0 100.000000 0.431232 0.560392 0.560392 -0.431232
-573.684204 100.0 -57.894737 0.412468 0.574343 0.574343 -0.412468
-236.842102 100.0 -215.789474 0.467326 0.530666 0.530666 -0.467326
-236.842102 100.0 -610.526306 0.353553 0.612372 0.612372 -0.353553
-68.421051 100.0 21.052631 0.449525 0.545827 0.545827 -0.449525
-278.947357 100.0 -531.578918 0.467326 0.530666 0.530666 -0.467326
-489.473694 100.0 21.052631 -0.562760 -0.428137 -0.428137 0.562760
-114.473686 100.0 -237.543854 0.164123 0.687796 0.687796 -0.164123
-573.684204 100.0 -452.631592 0.449525 0.545827 0.545827 -0.449525
-615.789490 100.0 21.052631 -0.625554 -0.329670 -0.329670 0.625554
-51.578945 100.0 -110.964912 0.141293 0.692847 0.692847 -0.141293
-26.315788 100.0 -610.526306 0.449525 0.545827 0.545827 -0.449525
-531.578918 100.0 -531.578918 0.431232 0.560392 0.560392 -0.431232
-194.736847 100.0 -294.736847 0.431232 0.560392 0.560392 -0.431232
-531.578918 100.0 -136.842102 -0.548297 -0.446509 -0.446509 0.548297
-489.473694 100.0 -215.789474 0.449525 0.545827 0.545827 -0.449525
-573.684204 100.0 -531.578918 -0.562760 -0.428137 -0.428137 0.562760
-573.684204 100.0 -215.789474 -0.517588 -0.481770 -0.481770 0.517588
-321.052643 100.0 -57.894737 -0.562760 -0.428137 -0.428137 0.562760
-68.421051 100.0 -373.684204 0.393252 0.587667 0.587667 -0.393252
15.789474 100.0 -531.578918 0.393252 0.587667 0.587667 -0.393252
-51.578945 100.0 -279.736847 0.118308 0.697139 0.697139 -0.118308
-114.473686 100.0 -279.736847 0.209221 0.675445 0.675445 -0.209221
-152.631577 100.0 -452.631592 0.467326 0.530666 0.530666 -0.467326
-657.894714 100.0 -373.684204 -0.614312 -0.350173 -0.350173 0.614312
