seq1/2304.png 20.0 9.96073 10.0 -0.09133 0.701184 0.701184 0.09133
seq1/2305.png 20.0 9.96073 10.0 -0.068096 0.70382 0.70382 0.068096
seq1/2306.png 20.0 9.96073 10.0 -0.044789 0.705687 0.705687 0.044789
seq1/2307.png 20.0 9.96073 10.0 -0.021432 0.706782 0.706782 0.021432
seq1/2308.png 20.0 9.96073 10.0 0.001949 0.707104 0.707104 -0.001949
seq1/2309.png 20.0 9.96073 10.0 0.025327 0.706653 0.706653 -0.025327
seq1/2310.png 20.0 9.96073 10.0 0.048677 0.705429 0.705429 -0.048677
seq1/2311.png 20.0 9.96073 10.0 0.071975 0.703434 0.703434 -0.071975
seq1/2312.png 20.0 9.96073 10.0 0.095193 0.70067 0.70067 -0.095193
seq1/2313.png 20.0 9.96073 10.0 0.118308 0.697139 0.697139 -0.118308
seq1/2314.png 20.0 9.96073 10.0 0.141293 0.692847 0.692847 -0.141293
seq1/2315.png 20.0 9.96073 10.0 0.164123 0.687796 0.687796 -0.164123
seq1/2316.png 20.0 9.96073 10.0 0.186774 0.681994 0.681994 -0.186774
seq1/2317.png 20.0 9.96073 10.0 0.209221 0.675445 0.675445 -0.209221
seq1/2318.png 20.0 9.96073 10.0 0.231439 0.668159 0.668159 -0.231439
seq1/2319.png 20.0 9.96073 10.0 0.253404 0.660141 0.660141 -0.253404
seq1/2320.png 14.804348 9.96073 10.0 -0.044789 0.705687 0.705687 0.044789
seq1/2321.png 14.804348 9.96073 10.0 -0.021432 0.706782 0.706782 0.021432
seq1/2322.png 14.804348 9.96073 10.0 0.001949 0.707104 0.707104 -0.001949
seq1/2323.png 14.804348 9.96073 10.0 0.025327 0.706653 0.706653 -0.025327
seq1/2324.png 14.804348 9.96073 10.0 0.048677 0.705429 0.705429 -0.048677
seq1/2325.png 14.804348 9.96073 10.0 0.071975 0.703434 0.703434 -0.071975
seq1/2326.png 14.804348 9.96073 10.0 0.095193 0.70067 0.70067 -0.095193
seq1/2327.png 14.804348 9.96073 10.0 0.118308 0.697139 0.697139 -0.118308
seq1/2328.png 14.804348 9.96073 10.0 0.141293 0.692847 0.692847 -0.141293
seq1/2329.png 14.804348 9.96073 10.0 0.164123 0.687796 0.687796 -0.164123
seq1/2330.png 14.804348 9.96073 10.0 0.186774 0.681994 0.681994 -0.186774
seq1/2331.png 14.804348 9.96073 10.0 0.209221 0.675445 0.675445 -0.209221
seq1/2332.png 14.804348 9.96073 10.0 0.231439 0.668159 0.668159 -0.231439
seq1/2333.png 14.804348 9.96073 10.0 0.253404 0.660141 0.660141 -0.253404
seq1/2334.png 9.608696 9.96073 10.0 0.001949 0.707104 0.707104 -0.001949
seq1/2335.png 9.608696 9.96073 10.0 0.025327 0.706653 0.706653 -0.025327
seq1/2336.png 9.608696 9.96073 10.0 0.048677 0.705429 0.705429 -0.048677
seq1/2337.png 9.608696 9.96073 10.0 0.071975 0.703434 0.703434 -0.071975
seq1/2338.png 9.608696 9.96073 10.0 0.095193 0.70067 0.70067 -0.095193
seq1/2339.png 9.608696 9.96073 10.0 0.118308 0.697139 0.697139 -0.118308
seq1/2340.png 9.608696 9.96073 10.0 0.141293 0.692847 0.692847 -0.141293
seq1/2341.png 9.608696 9.96073 10.0 0.164123 0.687796 0.687796 -0.164123
seq1/2342.png 9.608696 9.96073 10.0 0.186774 0.681994 0.681994 -0.186774
seq1/2343.png 9.608696 9.96073 10.0 0.209221 0.675445 0.675445 -0.209221
seq1/2344.png 9.608696 9.96073 10.0 0.231439 0.668159 0.668159 -0.231439
seq1/2345.png 9.608696 9.96073 10.0 0.253404 0.660141 0.660141 -0.253404
seq1/2346.png 4.413043 9.96073 10.0 0.048677 0.705429 0.705429 -0.048677
seq1/2347.png 4.413043 9.96073 10.0 0.071975 0.703434 0.703434 -0.071975
seq1/2348.png 4.413043 9.96073 10.0 0.095193 0.70067 0.70067 -0.095193
seq1/2349.png 4.413043 9.96073 10.0 0.118308 0.697139 0.697139 -0.118308
seq1/2350.png 4.413043 9.96073 10.0 0.141293 0.692847 0.692847 -0.141293
seq1/2351.png 4.413043 9.96073 10.0 0.164123 0.687796 0.687796 -0.164123
seq1/2352.png 4.413043 9.96073 10.0 0.186774 0.681994 0.681994 -0.186774
seq1/2353.png 4.413043 9.96073 10.0 0.209221 0.675445 0.675445 -0.209221
seq1/2354.png 4.413043 9.96073 10.0 0.231439 0.668159 0.668159 -0.231439
seq1/2355.png 4.413043 9.96073 10.0 0.253404 0.660141 0.660141 -0.253404
seq1/2356.png -0.782609 9.96073 10.0 0.095193 0.70067 0.70067 -0.095193
seq1/2357.png -0.782609 9.96073 10.0 0.118308 0.697139 0.697139 -0.118308
seq1/2358.png -0.782609 9.96073 10.0 0.141293 0.692847 0.692847 -0.141293
seq1/2359.png -0.782609 9.96073 10.0 0.164123 0.687796 0.687796 -0.164123
seq1/2360.png -0.782609 9.96073 10.0 0.186774 0.681994 0.681994 -0.186774
seq1/2361.png -0.782609 9.96073 10.0 0.209221 0.675445 0.675445 -0.209221
seq1/2362.png -0.782609 9.96073 10.0 0.231439 0.668159 0.668159 -0.231439
seq1/2363.png -0.782609 9.96073 10.0 0.253404 0.660141 0.660141 -0.253404
seq1/2364.png -5.978261 9.96073 10.0 0.141293 0.692847 0.692847 -0.141293
seq1/2365.png -5.978261 9.96073 10.0 0.164123 0.687796 0.687796 -0.164123
seq1/2366.png -5.978261 9.96073 10.0 0.186774 0.681994 0.681994 -0.186774
seq1/2367.png -5.978261 9.96073 10.0 0.209221 0.675445 0.675445 -0.209221
seq1/2368.png -5.978261 9.96073 10.0 0.231439 0.668159 0.668159 -0.231439
seq1/2369.png -5.978261 9.96073 10.0 0.253404 0.660141 0.660141 -0.253404
seq1/2370.png -11.173913 9.96073 10.0 0.186774 0.681994 0.681994 -0.186774
seq1/2371.png -11.173913 9.96073 10.0 0.209221 0.675445 0.675445 -0.209221
seq1/2372.png -11.173913 9.96073 10.0 0.231439 0.668159 0.668159 -0.231439
seq1/2373.png -11.173913 9.96073 10.0 0.253404 0.660141 0.660141 -0.253404
seq1/2374.png -16.369565 9.96073 10.0 0.209221 0.675445 0.675445 -0.209221
seq1/2375.png -16.369565 9.96073 10.0 0.231439 0.668159 0.668159 -0.231439
seq1/2376.png -16.369565 9.96073 10.0 0.253404 0.660141 0.660141 -0.253404
seq1/2377.png -21.565217 9.96073 10.0 0.253404 0.660141 0.660141 -0.253404
seq1/2378.png 20.0 9.96073 6.514493 -0.068096 0.70382 0.70382 0.068096
seq1/2379.png 20.0 9.96073 6.514493 -0.044789 0.705687 0.705687 0.044789
seq1/2380.png 20.0 9.96073 6.514493 -0.021432 0.706782 0.706782 0.021432
seq1/2381.png 20.0 9.96073 6.514493 0.001949 0.707104 0.707104 -0.001949
seq1/2382.png 20.0 9.96073 6.514493 0.025327 0.706653 0.706653 -0.025327
seq1/2383.png 20.0 9.96073 6.514493 0.048677 0.705429 0.705429 -0.048677
seq1/2384.png 20.0 9.96073 6.514493 0.071975 0.703434 0.703434 -0.071975
seq1/2385.png 20.0 9.96073 6.514493 0.095193 0.70067 0.70067 -0.095193
seq1/2386.png 20.0 9.96073 6.514493 0.118308 0.697139 0.697139 -0.118308
seq1/2387.png 20.0 9.96073 6.514493 0.141293 0.692847 0.692847 -0.141293
seq1/2388.png 20.0 9.96073 6.514493 0.164123 0.687796 0.687796 -0.164123
seq1/2389.png 20.0 9.96073 6.514493 0.186774 0.681994 0.681994 -0.186774
seq1/2390.png 20.0 9.96073 6.514493 0.209221 0.675445 0.675445 -0.209221
seq1/2391.png 20.0 9.96073 6.514493 0.231439 0.668159 0.668159 -0.231439
seq1/2392.png 20.0 9.96073 6.514493 0.253404 0.660141 0.660141 -0.253404
seq1/2393.png 14.804348 9.96073 6.514493 -0.044789 0.705687 0.705687 0.044789
seq1/2394.png 14.804348 9.96073 6.514493 -0.021432 0.706782 0.706782 0.021432
seq1/2395.png 14.804348 9.96073 6.514493 0.001949 0.707104 0.707104 -0.001949
seq1/2396.png 14.804348 9.96073 6.514493 0.025327 0.706653 0.706653 -0.025327
seq1/2397.png 14.804348 9.96073 6.514493 0.048677 0.705429 0.705429 -0.048677
seq1/2398.png 14.804348 9.96073 6.514493 0.071975 0.703434 0.703434 -0.071975
seq1/2399.png 14.804348 9.96073 6.514493 0.095193 0.70067 0.70067 -0.095193
seq1/2400.png 14.804348 9.96073 6.514493 0.118308 0.697139 0.697139 -0.118308
seq1/2401.png 14.804348 9.96073 6.514493 0.141293 0.692847 0.692847 -0.141293
seq1/2402.png 14.804348 9.96073 6.514493 0.164123 0.687796 0.687796 -0.164123
seq1/2403.png 14.804348 9.96073 6.514493 0.186774 0.681994 0.681994 -0.186774
seq1/2404.png 14.804348 9.96073 6.514493 0.209221 0.675445 0.675445 -0.209221
seq1/2405.png 14.804348 9.96073 6.514493 0.231439 0.668159 0.668159 -0.231439
seq1/2406.png 14.804348 9.96073 6.514493 0.253404 0.660141 0.660141 -0.253404
seq1/2407.png 9.608696 9.96073 6.514493 0.001949 0.707104 0.707104 -0.001949
seq1/2408.png 9.608696 9.96073 6.514493 0.025327 0.706653 0.706653 -0.025327
seq1/2409.png 9.608696 9.96073 6.514493 0.048677 0.705429 0.705429 -0.048677
seq1/2410.png 9.608696 9.96073 6.514493 0.071975 0.703434 0.703434 -0.071975
seq1/2411.png 9.608696 9.96073 6.514493 0.095193 0.70067 0.70067 -0.095193
seq1/2412.png 9.608696 9.96073 6.514493 0.118308 0.697139 0.697139 -0.118308
seq1/2413.png 9.608696 9.96073 6.514493 0.141293 0.692847 0.692847 -0.141293
seq1/2414.png 9.608696 9.96073 6.514493 0.164123 0.687796 0.687796 -0.164123
seq1/2415.png 9.608696 9.96073 6.514493 0.186774 0.681994 0.681994 -0.186774
seq1/2416.png 9.608696 9.96073 6.514493 0.209221 0.675445 0.675445 -0.209221
seq1/2417.png 9.608696 9.96073 6.514493 0.231439 0.668159 0.668159 -0.231439
seq1/2418.png 9.608696 9.96073 6.514493 0.253404 0.660141 0.660141 -0.253404
seq1/2419.png 4.413043 9.96073 6.514493 0.048677 0.705429 0.705429 -0.048677
seq1/2420.png 4.413043 9.96073 6.514493 0.071975 0.703434 0.703434 -0.071975
seq1/2421.png 4.413043 9.96073 6.514493 0.095193 0.70067 0.70067 -0.095193
seq1/2422.png 4.413043 9.96073 6.514493 0.118308 0.697139 0.697139 -0.118308
seq1/2423.png 4.413043 9.96073 6.514493 0.141293 0.692847 0.692847 -0.141293
seq1/2424.png 4.413043 9.96073 6.514493 0.164123 0.687796 0.687796 -0.164123
seq1/2425.png 4.413043 9.96073 6.514493 0.186774 0.681994 0.681994 -0.186774
seq1/2426.png 4.413043 9.96073 6.514493 0.209221 0.675445 0.675445 -0.209221
seq1/2427.png 4.413043 9.96073 6.514493 0.231439 0.668159 0.668159 -0.231439
seq1/2428.png 4.413043 9.96073 6.514493 0.253404 0.660141 0.660141 -0.253404
seq1/2429.png -0.782609 9.96073 6.514493 0.095193 0.70067 0.70067 -0.095193
seq1/2430.png -0.782609 9.96073 6.514493 0.118308 0.697139 0.697139 -0.118308
seq1/2431.png -0.782609 9.96073 6.514493 0.141293 0.692847 0.692847 -0.141293
seq1/2432.png -0.782609 9.96073 6.514493 0.164123 0.687796 0.687796 -0.164123
seq1/2433.png -0.782609 9.96073 6.514493 0.186774 0.681994 0.681994 -0.186774
seq1/2434.png -0.782609 9.96073 6.514493 0.209221 0.675445 0.675445 -0.209221
seq1/2435.png -0.782609 9.96073 6.514493 0.231439 0.668159 0.668159 -0.231439
seq1/2436.png -0.782609 9.96073 6.514493 0.253404 0.660141 0.660141 -0.253404
seq1/2437.png -5.978261 9.96073 6.514493 0.141293 0.692847 0.692847 -0.141293
seq1/2438.png -5.978261 9.96073 6.514493 0.164123 0.687796 0.687796 -0.164123
seq1/2439.png -5.978261 9.96073 6.514493 0.186774 0.681994 0.681994 -0.186774
seq1/2440.png -5.978261 9.96073 6.514493 0.209221 0.675445 0.675445 -0.209221
seq1/2441.png -5.978261 9.96073 6.514493 0.231439 0.668159 0.668159 -0.231439
seq1/2442.png -5.978261 9.96073 6.514493 0.253404 0.660141 0.660141 -0.253404
seq1/2443.png -11.173913 9.96073 6.514493 0.164123 0.687796 0.687796 -0.164123
seq1/2444.png -11.173913 9.96073 6.514493 0.186774 0.681994 0.681994 -0.186774
seq1/2445.png -11.173913 9.96073 6.514493 0.209221 0.675445 0.675445 -0.209221
seq1/2446.png -11.173913 9.96073 6.514493 0.231439 0.668159 0.668159 -0.231439
seq1/2447.png -11.173913 9.96073 6.514493 0.253404 0.660141 0.660141 -0.253404
seq1/2448.png -16.369565 9.96073 6.514493 0.209221 0.675445 0.675445 -0.209221
seq1/2449.png -16.369565 9.96073 6.514493 0.231439 0.668159 0.668159 -0.231439
seq1/2450.png -16.369565 9.96073 6.514493 0.253404 0.660141 0.660141 -0.253404
seq1/2451.png -21.565217 9.96073 6.514493 0.231439 0.668159 0.668159 -0.231439
seq1/2452.png -21.565217 9.96073 6.514493 0.253404 0.660141 0.660141 -0.253404
seq1/2453.png -26.76087 9.96073 6.514493 0.253404 0.660141 0.660141 -0.253404
seq1/2454.png 20.0 9.96073 3.028986 -0.068096 0.70382 0.70382 0.068096
seq1/2455.png 20.0 9.96073 3.028986 -0.044789 0.705687 0.705687 0.044789
seq1/2456.png 20.0 9.96073 3.028986 -0.021432 0.706782 0.706782 0.021432
seq1/2457.png 20.0 9.96073 3.028986 0.001949 0.707104 0.707104 -0.001949
seq1/2458.png 20.0 9.96073 3.028986 0.025327 0.706653 0.706653 -0.025327
seq1/2459.png 20.0 9.96073 3.028986 0.048677 0.705429 0.705429 -0.048677
seq1/2460.png 20.0 9.96073 3.028986 0.071975 0.703434 0.703434 -0.071975
seq1/2461.png 20.0 9.96073 3.028986 0.095193 0.70067 0.70067 -0.095193
seq1/2462.png 20.0 9.96073 3.028986 0.118308 0.697139 0.697139 -0.118308
seq1/2463.png 20.0 9.96073 3.028986 0.141293 0.692847 0.692847 -0.141293
seq1/2464.png 20.0 9.96073 3.028986 0.164123 0.687796 0.687796 -0.164123
seq1/2465.png 20.0 9.96073 3.028986 0.186774 0.681994 0.681994 -0.186774
seq1/2466.png 20.0 9.96073 3.028986 0.209221 0.675445 0.675445 -0.209221
seq1/2467.png 20.0 9.96073 3.028986 0.231439 0.668159 0.668159 -0.231439
seq1/2468.png 20.0 9.96073 3.028986 0.253404 0.660141 0.660141 -0.253404
seq1/2469.png 14.804348 9.96073 3.028986 -0.021432 0.706782 0.706782 0.021432
seq1/2470.png 14.804348 9.96073 3.028986 0.001949 0.707104 0.707104 -0.001949
seq1/2471.png 14.804348 9.96073 3.028986 0.025327 0.706653 0.706653 -0.025327
seq1/2472.png 14.804348 9.96073 3.028986 0.048677 0.705429 0.705429 -0.048677
seq1/2473.png 14.804348 9.96073 3.028986 0.071975 0.703434 0.703434 -0.071975
seq1/2474.png 14.804348 9.96073 3.028986 0.095193 0.70067 0.70067 -0.095193
seq1/2475.png 14.804348 9.96073 3.028986 0.118308 0.697139 0.697139 -0.118308
seq1/2476.png 14.804348 9.96073 3.028986 0.141293 0.692847 0.692847 -0.141293
seq1/2477.png 14.804348 9.96073 3.028986 0.164123 0.687796 0.687796 -0.164123
seq1/2478.png 14.804348 9.96073 3.028986 0.186774 0.681994 0.681994 -0.186774
seq1/2479.png 14.804348 9.96073 3.028986 0.209221 0.675445 0.675445 -0.209221
seq1/2480.png 14.804348 9.96073 3.028986 0.231439 0.668159 0.668159 -0.231439
seq1/2481.png 14.804348 9.96073 3.028986 0.253404 0.660141 0.660141 -0.253404
seq1/2482.png 9.608696 9.96073 3.028986 0.001949 0.707104 0.707104 -0.001949
seq1/2483.png 9.608696 9.96073 3.028986 0.025327 0.706653 0.706653 -0.025327
seq1/2484.png 9.608696 9.96073 3.028986 0.048677 0.705429 0.705429 -0.048677
seq1/2485.png 9.608696 9.96073 3.028986 0.071975 0.703434 0.703434 -0.071975
seq1/2486.png 9.608696 9.96073 3.028986 0.095193 0.70067 0.70067 -0.095193
seq1/2487.png 9.608696 9.96073 3.028986 0.118308 0.697139 0.697139 -0.118308
seq1/2488.png 9.608696 9.96073 3.028986 0.141293 0.692847 0.692847 -0.141293
seq1/2489.png 9.608696 9.96073 3.028986 0.164123 0.687796 0.687796 -0.164123
seq1/2490.png 9.608696 9.96073 3.028986 0.186774 0.681994 0.681994 -0.186774
seq1/2491.png 9.608696 9.96073 3.028986 0.209221 0.675445 0.675445 -0.209221
seq1/2492.png 9.608696 9.96073 3.028986 0.231439 0.668159 0.668159 -0.231439
seq1/2493.png 9.608696 9.96073 3.028986 0.253404 0.660141 0.660141 -0.253404
seq1/2494.png 4.413043 9.96073 3.028986 0.048677 0.705429 0.705429 -0.048677
seq1/2495.png 4.413043 9.96073 3.028986 0.071975 0.703434 0.703434 -0.071975
seq1/2496.png 4.413043 9.96073 3.028986 0.095193 0.70067 0.70067 -0.095193
seq1/2497.png 4.413043 9.96073 3.028986 0.118308 0.697139 0.697139 -0.118308
seq1/2498.png 4.413043 9.96073 3.028986 0.141293 0.692847 0.692847 -0.141293
seq1/2499.png 4.413043 9.96073 3.028986 0.164123 0.687796 0.687796 -0.164123
seq1/2500.png 4.413043 9.96073 3.028986 0.186774 0.681994 0.681994 -0.186774
seq1/2501.png 4.413043 9.96073 3.028986 0.209221 0.675445 0.675445 -0.209221
seq1/2502.png 4.413043 9.96073 3.028986 0.231439 0.668159 0.668159 -0.231439
seq1/2503.png 4.413043 9.96073 3.028986 0.253404 0.660141 0.660141 -0.253404
seq1/2504.png -0.782609 9.96073 3.028986 0.095193 0.70067 0.70067 -0.095193
seq1/2505.png -0.782609 9.96073 3.028986 0.118308 0.697139 0.697139 -0.118308
seq1/2506.png -0.782609 9.96073 3.028986 0.141293 0.692847 0.692847 -0.141293
seq1/2507.png -0.782609 9.96073 3.028986 0.164123 0.687796 0.687796 -0.164123
seq1/2508.png -0.782609 9.96073 3.028986 0.186774 0.681994 0.681994 -0.186774
seq1/2509.png -0.782609 9.96073 3.028986 0.209221 0.675445 0.675445 -0.209221
seq1/2510.png -0.782609 9.96073 3.028986 0.231439 0.668159 0.668159 -0.231439
seq1/2511.png -0.782609 9.96073 3.028986 0.253404 0.660141 0.660141 -0.253404
seq1/2512.png -5.978261 9.96073 3.028986 0.118308 0.697139 0.697139 -0.118308
seq1/2513.png -5.978261 9.96073 3.028986 0.141293 0.692847 0.692847 -0.141293
seq1/2514.png -5.978261 9.96073 3.028986 0.164123 0.687796 0.687796 -0.164123
seq1/2515.png -5.978261 9.96073 3.028986 0.186774 0.681994 0.681994 -0.186774
seq1/2516.png -5.978261 9.96073 3.028986 0.209221 0.675445 0.675445 -0.209221
seq1/2517.png -5.978261 9.96073 3.028986 0.231439 0.668159 0.668159 -0.231439
seq1/2518.png -5.978261 9.96073 3.028986 0.253404 0.660141 0.660141 -0.253404
seq1/2519.png -11.173913 9.96073 3.028986 0.164123 0.687796 0.687796 -0.164123
seq1/2520.png -11.173913 9.96073 3.028986 0.186774 0.681994 0.681994 -0.186774
seq1/2521.png -11.173913 9.96073 3.028986 0.209221 0.675445 0.675445 -0.209221
seq1/2522.png -11.173913 9.96073 3.028986 0.231439 0.668159 0.668159 -0.231439
seq1/2523.png -11.173913 9.96073 3.028986 0.253404 0.660141 0.660141 -0.253404
seq1/2524.png -16.369565 9.96073 3.028986 0.186774 0.681994 0.681994 -0.186774
seq1/2525.png -16.369565 9.96073 3.028986 0.209221 0.675445 0.675445 -0.209221
seq1/2526.png -16.369565 9.96073 3.028986 0.231439 0.668159 0.668159 -0.231439
seq1/2527.png -16.369565 9.96073 3.028986 0.253404 0.660141 0.660141 -0.253404
seq1/2528.png -21.565217 9.96073 3.028986 0.231439 0.668159 0.668159 -0.231439
seq1/2529.png -21.565217 9.96073 3.028986 0.253404 0.660141 0.660141 -0.253404
seq1/2530.png -26.76087 9.96073 3.028986 0.253404 0.660141 0.660141 -0.253404
seq1/2531.png 20.0 9.96073 -0.456522 -0.044789 0.705687 0.705687 0.044789
seq1/2532.png 20.0 9.96073 -0.456522 -0.021432 0.706782 0.706782 0.021432
seq1/2533.png 20.0 9.96073 -0.456522 0.001949 0.707104 0.707104 -0.001949
seq1/2534.png 20.0 9.96073 -0.456522 0.025327 0.706653 0.706653 -0.025327
seq1/2535.png 20.0 9.96073 -0.456522 0.048677 0.705429 0.705429 -0.048677
seq1/2536.png 20.0 9.96073 -0.456522 0.071975 0.703434 0.703434 -0.071975
seq1/2537.png 20.0 9.96073 -0.456522 0.095193 0.70067 0.70067 -0.095193
seq1/2538.png 20.0 9.96073 -0.456522 0.118308 0.697139 0.697139 -0.118308
seq1/2539.png 20.0 9.96073 -0.456522 0.141293 0.692847 0.692847 -0.141293
seq1/2540.png 20.0 9.96073 -0.456522 0.164123 0.687796 0.687796 -0.164123
seq1/2541.png 20.0 9.96073 -0.456522 0.186774 0.681994 0.681994 -0.186774
seq1/2542.png 20.0 9.96073 -0.456522 0.209221 0.675445 0.675445 -0.209221
seq1/2543.png 20.0 9.96073 -0.456522 0.231439 0.668159 0.668159 -0.231439
seq1/2544.png 20.0 9.96073 -0.456522 0.253404 0.660141 0.660141 -0.253404
seq1/2545.png 14.804348 9.96073 -0.456522 -0.021432 0.706782 0.706782 0.021432
seq1/2546.png 14.804348 9.96073 -0.456522 0.001949 0.707104 0.707104 -0.001949
seq1/2547.png 14.804348 9.96073 -0.456522 0.025327 0.706653 0.706653 -0.025327
seq1/2548.png 14.804348 9.96073 -0.456522 0.048677 0.705429 0.705429 -0.048677
seq1/2549.png 14.804348 9.96073 -0.456522 0.071975 0.703434 0.703434 -0.071975
seq1/2550.png 14.804348 9.96073 -0.456522 0.095193 0.70067 0.70067 -0.095193
seq1/2551.png 14.804348 9.96073 -0.456522 0.118308 0.697139 0.697139 -0.118308
seq1/2552.png 14.804348 9.96073 -0.456522 0.141293 0.692847 0.692847 -0.141293
seq1/2553.png 14.804348 9.96073 -0.456522 0.164123 0.687796 0.687796 -0.164123
seq1/2554.png 14.804348 9.96073 -0.456522 0.186774 0.681994 0.681994 -0.186774
seq1/2555.png 14.804348 9.96073 -0.456522 0.209221 0.675445 0.675445 -0.209221
seq1/2556.png 14.804348 9.96073 -0.456522 0.231439 0.668159 0.668159 -0.231439
seq1/2557.png 14.804348 9.96073 -0.456522 0.253404 0.660141 0.660141 -0.253404
seq1/2558.png 9.608696 9.96073 -0.456522 0.025327 0.706653 0.706653 -0.025327
seq1/2559.png 9.608696 9.96073 -0.456522 0.048677 0.705429 0.705429 -0.048677
seq1/2560.png 9.608696 9.96073 -0.456522 0.071975 0.703434 0.703434 -0.071975
seq1/2561.png 9.608696 9.96073 -0.456522 0.095193 0.70067 0.70067 -0.095193
seq1/2562.png 9.608696 9.96073 -0.456522 0.118308 0.697139 0.697139 -0.118308
seq1/2563.png 9.608696 9.96073 -0.456522 0.141293 0.692847 0.692847 -0.141293
seq1/2564.png 9.608696 9.96073 -0.456522 0.164123 0.687796 0.687796 -0.164123
seq1/2565.png 9.608696 9.96073 -0.456522 0.186774 0.681994 0.681994 -0.186774
seq1/2566.png 9.608696 9.96073 -0.456522 0.209221 0.675445 0.675445 -0.209221
seq1/2567.png 9.608696 9.96073 -0.456522 0.231439 0.668159 0.668159 -0.231439
seq1/2568.png 9.608696 9.96073 -0.456522 0.253404 0.660141 0.660141 -0.253404
seq1/2569.png 4.413043 9.96073 -0.456522 0.048677 0.705429 0.705429 -0.048677
seq1/2570.png 4.413043 9.96073 -0.456522 0.071975 0.703434 0.703434 -0.071975
seq1/2571.png 4.413043 9.96073 -0.456522 0.095193 0.70067 0.70067 -0.095193
seq1/2572.png 4.413043 9.96073 -0.456522 0.118308 0.697139 0.697139 -0.118308
seq1/2573.png 4.413043 9.96073 -0.456522 0.141293 0.692847 0.692847 -0.141293
seq1/2574.png 4.413043 9.96073 -0.456522 0.164123 0.687796 0.687796 -0.164123
seq1/2575.png 4.413043 9.96073 -0.456522 0.186774 0.681994 0.681994 -0.186774
seq1/2576.png 4.413043 9.96073 -0.456522 0.209221 0.675445 0.675445 -0.209221
seq1/2577.png 4.413043 9.96073 -0.456522 0.231439 0.668159 0.668159 -0.231439
seq1/2578.png 4.413043 9.96073 -0.456522 0.253404 0.660141 0.660141 -0.253404
seq1/2579.png -0.782609 9.96073 -0.456522 0.095193 0.70067 0.70067 -0.095193
seq1/2580.png -0.782609 9.96073 -0.456522 0.118308 0.697139 0.697139 -0.118308
seq1/2581.png -0.782609 9.96073 -0.456522 0.141293 0.692847 0.692847 -0.141293
seq1/2582.png -0.782609 9.96073 -0.456522 0.164123 0.687796 0.687796 -0.164123
seq1/2583.png -0.782609 9.96073 -0.456522 0.186774 0.681994 0.681994 -0.186774
seq1/2584.png -0.782609 9.96073 -0.456522 0.209221 0.675445 0.675445 -0.209221
seq1/2585.png -0.782609 9.96073 -0.456522 0.231439 0.668159 0.668159 -0.231439
seq1/2586.png -0.782609 9.96073 -0.456522 0.253404 0.660141 0.660141 -0.253404
seq1/2587.png -5.978261 9.96073 -0.456522 0.118308 0.697139 0.697139 -0.118308
seq1/2588.png -5.978261 9.96073 -0.456522 0.141293 0.692847 0.692847 -0.141293
seq1/2589.png -5.978261 9.96073 -0.456522 0.164123 0.687796 0.687796 -0.164123
seq1/2590.png -5.978261 9.96073 -0.456522 0.186774 0.681994 0.681994 -0.186774
seq1/2591.png -5.978261 9.96073 -0.456522 0.209221 0.675445 0.675445 -0.209221
seq1/2592.png -5.978261 9.96073 -0.456522 0.231439 0.668159 0.668159 -0.231439
seq1/2593.png -5.978261 9.96073 -0.456522 0.253404 0.660141 0.660141 -0.253404
seq1/2594.png -11.173913 9.96073 -0.456522 0.164123 0.687796 0.687796 -0.164123
seq1/2595.png -11.173913 9.96073 -0.456522 0.186774 0.681994 0.681994 -0.186774
seq1/2596.png -11.173913 9.96073 -0.456522 0.209221 0.675445 0.675445 -0.209221
seq1/2597.png -11.173913 9.96073 -0.456522 0.231439 0.668159 0.668159 -0.231439
seq1/2598.png -11.173913 9.96073 -0.456522 0.253404 0.660141 0.660141 -0.253404
seq1/2599.png -16.369565 9.96073 -0.456522 0.186774 0.681994 0.681994 -0.186774
seq1/2600.png -16.369565 9.96073 -0.456522 0.209221 0.675445 0.675445 -0.209221
seq1/2601.png -16.369565 9.96073 -0.456522 0.231439 0.668159 0.668159 -0.231439
seq1/2602.png -16.369565 9.96073 -0.456522 0.253404 0.660141 0.660141 -0.253404
seq1/2603.png -21.565217 9.96073 -0.456522 0.209221 0.675445 0.675445 -0.209221
seq1/2604.png -21.565217 9.96073 -0.456522 0.231439 0.668159 0.668159 -0.231439
seq1/2605.png -21.565217 9.96073 -0.456522 0.253404 0.660141 0.660141 -0.253404
seq1/2606.png -26.76087 9.96073 -0.456522 0.253404 0.660141 0.660141 -0.253404
seq1/2607.png 20.0 9.96073 -3.942029 -0.044789 0.705687 0.705687 0.044789
seq1/2608.png 20.0 9.96073 -3.942029 -0.021432 0.706782 0.706782 0.021432
seq1/2609.png 20.0 9.96073 -3.942029 0.001949 0.707104 0.707104 -0.001949
seq1/2610.png 20.0 9.96073 -3.942029 0.025327 0.706653 0.706653 -0.025327
seq1/2611.png 20.0 9.96073 -3.942029 0.048677 0.705429 0.705429 -0.048677
seq1/2612.png 20.0 9.96073 -3.942029 0.071975 0.703434 0.703434 -0.071975
seq1/2613.png 20.0 9.96073 -3.942029 0.095193 0.70067 0.70067 -0.095193
seq1/2614.png 20.0 9.96073 -3.942029 0.118308 0.697139 0.697139 -0.118308
seq1/2615.png 20.0 9.96073 -3.942029 0.141293 0.692847 0.692847 -0.141293
seq1/2616.png 20.0 9.96073 -3.942029 0.164123 0.687796 0.687796 -0.164123
seq1/2617.png 20.0 9.96073 -3.942029 0.186774 0.681994 0.681994 -0.186774
seq1/2618.png 20.0 9.96073 -3.942029 0.209221 0.675445 0.675445 -0.209221
seq1/2619.png 20.0 9.96073 -3.942029 0.231439 0.668159 0.668159 -0.231439
seq1/2620.png 20.0 9.96073 -3.942029 0.253404 0.660141 0.660141 -0.253404
seq1/2621.png 14.804348 9.96073 -3.942029 -0.021432 0.706782 0.706782 0.021432
seq1/2622.png 14.804348 9.96073 -3.942029 0.001949 0.707104 0.707104 -0.001949
seq1/2623.png 14.804348 9.96073 -3.942029 0.025327 0.706653 0.706653 -0.025327
seq1/2624.png 14.804348 9.96073 -3.942029 0.048677 0.705429 0.705429 -0.048677
seq1/2625.png 14.804348 9.96073 -3.942029 0.071975 0.703434 0.703434 -0.071975
seq1/2626.png 14.804348 9.96073 -3.942029 0.095193 0.70067 0.70067 -0.095193
seq1/2627.png 14.804348 9.96073 -3.942029 0.118308 0.697139 0.697139 -0.118308
seq1/2628.png 14.804348 9.96073 -3.942029 0.141293 0.692847 0.692847 -0.141293
seq1/2629.png 14.804348 9.96073 -3.942029 0.164123 0.687796 0.687796 -0.164123
seq1/2630.png 14.804348 9.96073 -3.942029 0.186774 0.681994 0.681994 -0.186774
seq1/2631.png 14.804348 9.96073 -3.942029 0.209221 0.675445 0.675445 -0.209221
seq1/2632.png 14.804348 9.96073 -3.942029 0.231439 0.668159 0.668159 -0.231439
seq1/2633.png 14.804348 9.96073 -3.942029 0.253404 0.660141 0.660141 -0.253404
seq1/2634.png 9.608696 9.96073 -3.942029 0.025327 0.706653 0.706653 -0.025327
seq1/2635.png 9.608696 9.96073 -3.942029 0.048677 0.705429 0.705429 -0.048677
seq1/2636.png 9.608696 9.96073 -3.942029 0.071975 0.703434 0.703434 -0.071975
seq1/2637.png 9.608696 9.96073 -3.942029 0.095193 0.70067 0.70067 -0.095193
seq1/2638.png 9.608696 9.96073 -3.942029 0.118308 0.697139 0.697139 -0.118308
seq1/2639.png 9.608696 9.96073 -3.942029 0.141293 0.692847 0.692847 -0.141293
seq1/2640.png 9.608696 9.96073 -3.942029 0.164123 0.687796 0.687796 -0.164123
seq1/2641.png 9.608696 9.96073 -3.942029 0.186774 0.681994 0.681994 -0.186774
seq1/2642.png 9.608696 9.96073 -3.942029 0.209221 0.675445 0.675445 -0.209221
seq1/2643.png 9.608696 9.96073 -3.942029 0.231439 0.668159 0.668159 -0.231439
seq1/2644.png 9.608696 9.96073 -3.942029 0.253404 0.660141 0.660141 -0.253404
seq1/2645.png 4.413043 9.96073 -3.942029 0.048677 0.705429 0.705429 -0.048677
seq1/2646.png 4.413043 9.96073 -3.942029 0.071975 0.703434 0.703434 -0.071975
seq1/2647.png 4.413043 9.96073 -3.942029 0.095193 0.70067 0.70067 -0.095193
seq1/2648.png 4.413043 9.96073 -3.942029 0.118308 0.697139 0.697139 -0.118308
seq1/2649.png 4.413043 9.96073 -3.942029 0.141293 0.692847 0.692847 -0.141293
seq1/2650.png 4.413043 9.96073 -3.942029 0.164123 0.687796 0.687796 -0.164123
seq1/2651.png 4.413043 9.96073 -3.942029 0.186774 0.681994 0.681994 -0.186774
seq1/2652.png 4.413043 9.96073 -3.942029 0.209221 0.675445 0.675445 -0.209221
seq1/2653.png 4.413043 9.96073 -3.942029 0.231439 0.668159 0.668159 -0.231439
seq1/2654.png 4.413043 9.96073 -3.942029 0.253404 0.660141 0.660141 -0.253404
seq1/2655.png -0.782609 9.96073 -3.942029 0.095193 0.70067 0.70067 -0.095193
seq1/2656.png -0.782609 9.96073 -3.942029 0.118308 0.697139 0.697139 -0.118308
seq1/2657.png -0.782609 9.96073 -3.942029 0.141293 0.692847 0.692847 -0.141293
seq1/2658.png -0.782609 9.96073 -3.942029 0.164123 0.687796 0.687796 -0.164123
seq1/2659.png -0.782609 9.96073 -3.942029 0.186774 0.681994 0.681994 -0.186774
seq1/2660.png -0.782609 9.96073 -3.942029 0.209221 0.675445 0.675445 -0.209221
seq1/2661.png -0.782609 9.96073 -3.942029 0.231439 0.668159 0.668159 -0.231439
seq1/2662.png -0.782609 9.96073 -3.942029 0.253404 0.660141 0.660141 -0.253404
seq1/2663.png -5.978261 9.96073 -3.942029 0.118308 0.697139 0.697139 -0.118308
seq1/2664.png -5.978261 9.96073 -3.942029 0.141293 0.692847 0.692847 -0.141293
seq1/2665.png -5.978261 9.96073 -3.942029 0.164123 0.687796 0.687796 -0.164123
seq1/2666.png -5.978261 9.96073 -3.942029 0.186774 0.681994 0.681994 -0.186774
seq1/2667.png -5.978261 9.96073 -3.942029 0.209221 0.675445 0.675445 -0.209221
seq1/2668.png -5.978261 9.96073 -3.942029 0.231439 0.668159 0.668159 -0.231439
seq1/2669.png -5.978261 9.96073 -3.942029 0.253404 0.660141 0.660141 -0.253404
seq1/2670.png -11.173913 9.96073 -3.942029 0.164123 0.687796 0.687796 -0.164123
seq1/2671.png -11.173913 9.96073 -3.942029 0.186774 0.681994 0.681994 -0.186774
seq1/2672.png -11.173913 9.96073 -3.942029 0.209221 0.675445 0.675445 -0.209221
seq1/2673.png -11.173913 9.96073 -3.942029 0.231439 0.668159 0.668159 -0.231439
seq1/2674.png -11.173913 9.96073 -3.942029 0.253404 0.660141 0.660141 -0.253404
seq1/2675.png -16.369565 9.96073 -3.942029 0.186774 0.681994 0.681994 -0.186774
seq1/2676.png -16.369565 9.96073 -3.942029 0.209221 0.675445 0.675445 -0.209221
seq1/2677.png -16.369565 9.96073 -3.942029 0.231439 0.668159 0.668159 -0.231439
seq1/2678.png -16.369565 9.96073 -3.942029 0.253404 0.660141 0.660141 -0.253404
seq1/2679.png -21.565217 9.96073 -3.942029 0.209221 0.675445 0.675445 -0.209221
seq1/2680.png -21.565217 9.96073 -3.942029 0.231439 0.668159 0.668159 -0.231439
seq1/2681.png -21.565217 9.96073 -3.942029 0.253404 0.660141 0.660141 -0.253404
seq1/2682.png -26.76087 9.96073 -3.942029 0.231439 0.668159 0.668159 -0.231439
seq1/2683.png -26.76087 9.96073 -3.942029 0.253404 0.660141 0.660141 -0.253404
seq1/2684.png -31.956522 9.96073 -3.942029 0.253404 0.660141 0.660141 -0.253404
seq1/2685.png 20.0 9.96073 -7.427536 -0.044789 0.705687 0.705687 0.044789
seq1/2686.png 20.0 9.96073 -7.427536 -0.021432 0.706782 0.706782 0.021432
seq1/2687.png 20.0 9.96073 -7.427536 0.001949 0.707104 0.707104 -0.001949
seq1/2688.png 20.0 9.96073 -7.427536 0.025327 0.706653 0.706653 -0.025327
seq1/2689.png 20.0 9.96073 -7.427536 0.048677 0.705429 0.705429 -0.048677
seq1/2690.png 20.0 9.96073 -7.427536 0.071975 0.703434 0.703434 -0.071975
seq1/2691.png 20.0 9.96073 -7.427536 0.095193 0.70067 0.70067 -0.095193
seq1/2692.png 20.0 9.96073 -7.427536 0.118308 0.697139 0.697139 -0.118308
seq1/2693.png 20.0 9.96073 -7.427536 0.141293 0.692847 0.692847 -0.141293
seq1/2694.png 20.0 9.96073 -7.427536 0.164123 0.687796 0.687796 -0.164123
seq1/2695.png 20.0 9.96073 -7.427536 0.186774 0.681994 0.681994 -0.186774
seq1/2696.png 20.0 9.96073 -7.427536 0.209221 0.675445 0.675445 -0.209221
seq1/2697.png 20.0 9.96073 -7.427536 0.231439 0.668159 0.668159 -0.231439
seq1/2698.png 20.0 9.96073 -7.427536 0.253404 0.660141 0.660141 -0.253404
seq1/2699.png 14.804348 9.96073 -7.427536 0.001949 0.707104 0.707104 -0.001949
seq1/2700.png 14.804348 9.96073 -7.427536 0.025327 0.706653 0.706653 -0.025327
seq1/2701.png 14.804348 9.96073 -7.427536 0.048677 0.705429 0.705429 -0.048677
seq1/2702.png 14.804348 9.96073 -7.427536 0.071975 0.703434 0.703434 -0.071975
seq1/2703.png 14.804348 9.96073 -7.427536 0.095193 0.70067 0.70067 -0.095193
seq1/2704.png 14.804348 9.96073 -7.427536 0.118308 0.697139 0.697139 -0.118308
seq1/2705.png 14.804348 9.96073 -7.427536 0.141293 0.692847 0.692847 -0.141293
seq1/2706.png 14.804348 9.96073 -7.427536 0.164123 0.687796 0.687796 -0.164123
seq1/2707.png 14.804348 9.96073 -7.427536 0.186774 0.681994 0.681994 -0.186774
seq1/2708.png 14.804348 9.96073 -7.427536 0.209221 0.675445 0.675445 -0.209221
seq1/2709.png 14.804348 9.96073 -7.427536 0.231439 0.668159 0.668159 -0.231439
seq1/2710.png 14.804348 9.96073 -7.427536 0.253404 0.660141 0.660141 -0.253404
seq1/2711.png 9.608696 9.96073 -7.427536 0.025327 0.706653 0.706653 -0.025327
seq1/2712.png 9.608696 9.96073 -7.427536 0.048677 0.705429 0.705429 -0.048677
seq1/2713.png 9.608696 9.96073 -7.427536 0.071975 0.703434 0.703434 -0.071975
seq1/2714.png 9.608696 9.96073 -7.427536 0.095193 0.70067 0.70067 -0.095193
seq1/2715.png 9.608696 9.96073 -7.427536 0.118308 0.697139 0.697139 -0.118308
seq1/2716.png 9.608696 9.96073 -7.427536 0.141293 0.692847 0.692847 -0.141293
seq1/2717.png 9.608696 9.96073 -7.427536 0.164123 0.687796 0.687796 -0.164123
seq1/2718.png 9.608696 9.96073 -7.427536 0.186774 0.681994 0.681994 -0.186774
seq1/2719.png 9.608696 9.96073 -7.427536 0.209221 0.675445 0.675445 -0.209221
seq1/2720.png 9.608696 9.96073 -7.427536 0.231439 0.668159 0.668159 -0.231439
seq1/2721.png 9.608696 9.96073 -7.427536 0.253404 0.660141 0.660141 -0.253404
seq1/2722.png 4.413043 9.96073 -7.427536 0.048677 0.705429 0.705429 -0.048677
seq1/2723.png 4.413043 9.96073 -7.427536 0.071975 0.703434 0.703434 -0.071975
seq1/2724.png 4.413043 9.96073 -7.427536 0.095193 0.70067 0.70067 -0.095193
seq1/2725.png 4.413043 9.96073 -7.427536 0.118308 0.697139 0.697139 -0.118308
seq1/2726.png 4.413043 9.96073 -7.427536 0.141293 0.692847 0.692847 -0.141293
seq1/2727.png 4.413043 9.96073 -7.427536 0.164123 0.687796 0.687796 -0.164123
seq1/2728.png 4.413043 9.96073 -7.427536 0.186774 0.681994 0.681994 -0.186774
seq1/2729.png 4.413043 9.96073 -7.427536 0.209221 0.675445 0.675445 -0.209221
seq1/2730.png 4.413043 9.96073 -7.427536 0.231439 0.668159 0.668159 -0.231439
seq1/2731.png 4.413043 9.96073 -7.427536 0.253404 0.660141 0.660141 -0.253404
seq1/2732.png -0.782609 9.96073 -7.427536 0.095193 0.70067 0.70067 -0.095193
seq1/2733.png -0.782609 9.96073 -7.427536 0.118308 0.697139 0.697139 -0.118308
seq1/2734.png -0.782609 9.96073 -7.427536 0.141293 0.692847 0.692847 -0.141293
seq1/2735.png -0.782609 9.96073 -7.427536 0.164123 0.687796 0.687796 -0.164123
seq1/2736.png -0.782609 9.96073 -7.427536 0.186774 0.681994 0.681994 -0.186774
seq1/2737.png -0.782609 9.96073 -7.427536 0.209221 0.675445 0.675445 -0.209221
seq1/2738.png -0.782609 9.96073 -7.427536 0.231439 0.668159 0.668159 -0.231439
seq1/2739.png -0.782609 9.96073 -7.427536 0.253404 0.660141 0.660141 -0.253404
seq1/2740.png -5.978261 9.96073 -7.427536 0.118308 0.697139 0.697139 -0.118308
seq1/2741.png -5.978261 9.96073 -7.427536 0.141293 0.692847 0.692847 -0.141293
seq1/2742.png -5.978261 9.96073 -7.427536 0.164123 0.687796 0.687796 -0.164123
seq1/2743.png -5.978261 9.96073 -7.427536 0.186774 0.681994 0.681994 -0.186774
seq1/2744.png -5.978261 9.96073 -7.427536 0.209221 0.675445 0.675445 -0.209221
seq1/2745.png -5.978261 9.96073 -7.427536 0.231439 0.668159 0.668159 -0.231439
seq1/2746.png -5.978261 9.96073 -7.427536 0.253404 0.660141 0.660141 -0.253404
seq1/2747.png -11.173913 9.96073 -7.427536 0.141293 0.692847 0.692847 -0.141293
seq1/2748.png -11.173913 9.96073 -7.427536 0.164123 0.687796 0.687796 -0.164123
seq1/2749.png -11.173913 9.96073 -7.427536 0.186774 0.681994 0.681994 -0.186774
seq1/2750.png -11.173913 9.96073 -7.427536 0.209221 0.675445 0.675445 -0.209221
seq1/2751.png -11.173913 9.96073 -7.427536 0.231439 0.668159 0.668159 -0.231439
seq1/2752.png -11.173913 9.96073 -7.427536 0.253404 0.660141 0.660141 -0.253404
seq1/2753.png -16.369565 9.96073 -7.427536 0.186774 0.681994 0.681994 -0.186774
seq1/2754.png -16.369565 9.96073 -7.427536 0.209221 0.675445 0.675445 -0.209221
seq1/2755.png -16.369565 9.96073 -7.427536 0.231439 0.668159 0.668159 -0.231439
seq1/2756.png -16.369565 9.96073 -7.427536 0.253404 0.660141 0.660141 -0.253404
seq1/2757.png -21.565217 9.96073 -7.427536 0.209221 0.675445 0.675445 -0.209221
seq1/2758.png -21.565217 9.96073 -7.427536 0.231439 0.668159 0.668159 -0.231439
seq1/2759.png -21.565217 9.96073 -7.427536 0.253404 0.660141 0.660141 -0.253404
seq1/2760.png -26.76087 9.96073 -7.427536 0.231439 0.668159 0.668159 -0.231439
seq1/2761.png -26.76087 9.96073 -7.427536 0.253404 0.660141 0.660141 -0.253404
seq1/2762.png -31.956522 9.96073 -7.427536 0.253404 0.660141 0.660141 -0.253404
seq1/2763.png 20.0 9.96073 -10.913043 -0.021432 0.706782 0.706782 0.021432
seq1/2764.png 20.0 9.96073 -10.913043 0.001949 0.707104 0.707104 -0.001949
seq1/2765.png 20.0 9.96073 -10.913043 0.025327 0.706653 0.706653 -0.025327
seq1/2766.png 20.0 9.96073 -10.913043 0.048677 0.705429 0.705429 -0.048677
seq1/2767.png 20.0 9.96073 -10.913043 0.071975 0.703434 0.703434 -0.071975
seq1/2768.png 20.0 9.96073 -10.913043 0.095193 0.70067 0.70067 -0.095193
seq1/2769.png 20.0 9.96073 -10.913043 0.118308 0.697139 0.697139 -0.118308
seq1/2770.png 20.0 9.96073 -10.913043 0.141293 0.692847 0.692847 -0.141293
seq1/2771.png 20.0 9.96073 -10.913043 0.164123 0.687796 0.687796 -0.164123
seq1/2772.png 20.0 9.96073 -10.913043 0.186774 0.681994 0.681994 -0.186774
seq1/2773.png 20.0 9.96073 -10.913043 0.209221 0.675445 0.675445 -0.209221
seq1/2774.png 20.0 9.96073 -10.913043 0.231439 0.668159 0.668159 -0.231439
seq1/2775.png 20.0 9.96073 -10.913043 0.253404 0.660141 0.660141 -0.253404
seq1/2776.png 14.804348 9.96073 -10.913043 0.001949 0.707104 0.707104 -0.001949
seq1/2777.png 14.804348 9.96073 -10.913043 0.025327 0.706653 0.706653 -0.025327
seq1/2778.png 14.804348 9.96073 -10.913043 0.048677 0.705429 0.705429 -0.048677
seq1/2779.png 14.804348 9.96073 -10.913043 0.071975 0.703434 0.703434 -0.071975
seq1/2780.png 14.804348 9.96073 -10.913043 0.095193 0.70067 0.70067 -0.095193
seq1/2781.png 14.804348 9.96073 -10.913043 0.118308 0.697139 0.697139 -0.118308
seq1/2782.png 14.804348 9.96073 -10.913043 0.141293 0.692847 0.692847 -0.141293
seq1/2783.png 14.804348 9.96073 -10.913043 0.164123 0.687796 0.687796 -0.164123
seq1/2784.png 14.804348 9.96073 -10.913043 0.186774 0.681994 0.681994 -0.186774
seq1/2785.png 14.804348 9.96073 -10.913043 0.209221 0.675445 0.675445 -0.209221
seq1/2786.png 14.804348 9.96073 -10.913043 0.231439 0.668159 0.668159 -0.231439
seq1/2787.png 14.804348 9.96073 -10.913043 0.253404 0.660141 0.660141 -0.253404
seq1/2788.png 9.608696 9.96073 -10.913043 0.025327 0.706653 0.706653 -0.025327
seq1/2789.png 9.608696 9.96073 -10.913043 0.048677 0.705429 0.705429 -0.048677
seq1/2790.png 9.608696 9.96073 -10.913043 0.071975 0.703434 0.703434 -0.071975
seq1/2791.png 9.608696 9.96073 -10.913043 0.095193 0.70067 0.70067 -0.095193
seq1/2792.png 9.608696 9.96073 -10.913043 0.118308 0.697139 0.697139 -0.118308
seq1/2793.png 9.608696 9.96073 -10.913043 0.141293 0.692847 0.692847 -0.141293
seq1/2794.png 9.608696 9.96073 -10.913043 0.164123 0.687796 0.687796 -0.164123
seq1/2795.png 9.608696 9.96073 -10.913043 0.186774 0.681994 0.681994 -0.186774
seq1/2796.png 9.608696 9.96073 -10.913043 0.209221 0.675445 0.675445 -0.209221
seq1/2797.png 9.608696 9.96073 -10.913043 0.231439 0.668159 0.668159 -0.231439
seq1/2798.png 9.608696 9.96073 -10.913043 0.253404 0.660141 0.660141 -0.253404
seq1/2799.png 4.413043 9.96073 -10.913043 0.048677 0.705429 0.705429 -0.048677
seq1/2800.png 4.413043 9.96073 -10.913043 0.071975 0.703434 0.703434 -0.071975
seq1/2801.png 4.413043 9.96073 -10.913043 0.095193 0.70067 0.70067 -0.095193
seq1/2802.png 4.413043 9.96073 -10.913043 0.118308 0.697139 0.697139 -0.118308
seq1/2803.png 4.413043 9.96073 -10.913043 0.141293 0.692847 0.692847 -0.141293
seq1/2804.png 4.413043 9.96073 -10.913043 0.164123 0.687796 0.687796 -0.164123
seq1/2805.png 4.413043 9.96073 -10.913043 0.186774 0.681994 0.681994 -0.186774
seq1/2806.png 4.413043 9.96073 -10.913043 0.209221 0.675445 0.675445 -0.209221
seq1/2807.png 4.413043 9.96073 -10.913043 0.231439 0.668159 0.668159 -0.231439
seq1/2808.png 4.413043 9.96073 -10.913043 0.253404 0.660141 0.660141 -0.253404
seq1/2809.png -0.782609 9.96073 -10.913043 0.095193 0.70067 0.70067 -0.095193
seq1/2810.png -0.782609 9.96073 -10.913043 0.118308 0.697139 0.697139 -0.118308
seq1/2811.png -0.782609 9.96073 -10.913043 0.141293 0.692847 0.692847 -0.141293
seq1/2812.png -0.782609 9.96073 -10.913043 0.164123 0.687796 0.687796 -0.164123
seq1/2813.png -0.782609 9.96073 -10.913043 0.186774 0.681994 0.681994 -0.186774
seq1/2814.png -0.782609 9.96073 -10.913043 0.209221 0.675445 0.675445 -0.209221
seq1/2815.png -0.782609 9.96073 -10.913043 0.231439 0.668159 0.668159 -0.231439
seq1/2816.png -0.782609 9.96073 -10.913043 0.253404 0.660141 0.660141 -0.253404
seq1/2817.png -5.978261 9.96073 -10.913043 0.118308 0.697139 0.697139 -0.118308
seq1/2818.png -5.978261 9.96073 -10.913043 0.141293 0.692847 0.692847 -0.141293
seq1/2819.png -5.978261 9.96073 -10.913043 0.164123 0.687796 0.687796 -0.164123
seq1/2820.png -5.978261 9.96073 -10.913043 0.186774 0.681994 0.681994 -0.186774
seq1/2821.png -5.978261 9.96073 -10.913043 0.209221 0.675445 0.675445 -0.209221
seq1/2822.png -5.978261 9.96073 -10.913043 0.231439 0.668159 0.668159 -0.231439
seq1/2823.png -5.978261 9.96073 -10.913043 0.253404 0.660141 0.660141 -0.253404
seq1/2824.png -11.173913 9.96073 -10.913043 0.141293 0.692847 0.692847 -0.141293
seq1/2825.png -11.173913 9.96073 -10.913043 0.164123 0.687796 0.687796 -0.164123
seq1/2826.png -11.173913 9.96073 -10.913043 0.186774 0.681994 0.681994 -0.186774
seq1/2827.png -11.173913 9.96073 -10.913043 0.209221 0.675445 0.675445 -0.209221
seq1/2828.png -11.173913 9.96073 -10.913043 0.231439 0.668159 0.668159 -0.231439
seq1/2829.png -11.173913 9.96073 -10.913043 0.253404 0.660141 0.660141 -0.253404
seq1/2830.png -16.369565 9.96073 -10.913043 0.186774 0.681994 0.681994 -0.186774
seq1/2831.png -16.369565 9.96073 -10.913043 0.209221 0.675445 0.675445 -0.209221
seq1/2832.png -16.369565 9.96073 -10.913043 0.231439 0.668159 0.668159 -0.231439
seq1/2833.png -16.369565 9.96073 -10.913043 0.253404 0.660141 0.660141 -0.253404
seq1/2834.png -21.565217 9.96073 -10.913043 0.209221 0.675445 0.675445 -0.209221
seq1/2835.png -21.565217 9.96073 -10.913043 0.231439 0.668159 0.668159 -0.231439
seq1/2836.png -21.565217 9.96073 -10.913043 0.253404 0.660141 0.660141 -0.253404
seq1/2837.png -26.76087 9.96073 -10.913043 0.231439 0.668159 0.668159 -0.231439
seq1/2838.png -26.76087 9.96073 -10.913043 0.253404 0.660141 0.660141 -0.253404
seq1/2839.png -31.956522 9.96073 -10.913043 0.253404 0.660141 0.660141 -0.253404
seq1/2840.png 20.0 9.96073 -14.398551 -0.021432 0.706782 0.706782 0.021432
seq1/2841.png 20.0 9.96073 -14.398551 0.001949 0.707104 0.707104 -0.001949
seq1/2842.png 20.0 9.96073 -14.398551 0.025327 0.706653 0.706653 -0.025327
seq1/2843.png 20.0 9.96073 -14.398551 0.048677 0.705429 0.705429 -0.048677
seq1/2844.png 20.0 9.96073 -14.398551 0.071975 0.703434 0.703434 -0.071975
seq1/2845.png 20.0 9.96073 -14.398551 0.095193 0.70067 0.70067 -0.095193
seq1/2846.png 20.0 9.96073 -14.398551 0.118308 0.697139 0.697139 -0.118308
seq1/2847.png 20.0 9.96073 -14.398551 0.141293 0.692847 0.692847 -0.141293
seq1/2848.png 20.0 9.96073 -14.398551 0.164123 0.687796 0.687796 -0.164123
seq1/2849.png 20.0 9.96073 -14.398551 0.186774 0.681994 0.681994 -0.186774
seq1/2850.png 20.0 9.96073 -14.398551 0.209221 0.675445 0.675445 -0.209221
seq1/2851.png 20.0 9.96073 -14.398551 0.231439 0.668159 0.668159 -0.231439
seq1/2852.png 20.0 9.96073 -14.398551 0.253404 0.660141 0.660141 -0.253404
seq1/2853.png 14.804348 9.96073 -14.398551 0.001949 0.707104 0.707104 -0.001949
seq1/2854.png 14.804348 9.96073 -14.398551 0.025327 0.706653 0.706653 -0.025327
seq1/2855.png 14.804348 9.96073 -14.398551 0.048677 0.705429 0.705429 -0.048677
seq1/2856.png 14.804348 9.96073 -14.398551 0.071975 0.703434 0.703434 -0.071975
seq1/2857.png 14.804348 9.96073 -14.398551 0.095193 0.70067 0.70067 -0.095193
seq1/2858.png 14.804348 9.96073 -14.398551 0.118308 0.697139 0.697139 -0.118308
seq1/2859.png 14.804348 9.96073 -14.398551 0.141293 0.692847 0.692847 -0.141293
seq1/2860.png 14.804348 9.96073 -14.398551 0.164123 0.687796 0.687796 -0.164123
seq1/2861.png 14.804348 9.96073 -14.398551 0.186774 0.681994 0.681994 -0.186774
seq1/2862.png 14.804348 9.96073 -14.398551 0.209221 0.675445 0.675445 -0.209221
seq1/2863.png 14.804348 9.96073 -14.398551 0.231439 0.668159 0.668159 -0.231439
seq1/2864.png 14.804348 9.96073 -14.398551 0.253404 0.660141 0.660141 -0.253404
seq1/2865.png 9.608696 9.96073 -14.398551 0.025327 0.706653 0.706653 -0.025327
seq1/2866.png 9.608696 9.96073 -14.398551 0.048677 0.705429 0.705429 -0.048677
seq1/2867.png 9.608696 9.96073 -14.398551 0.071975 0.703434 0.703434 -0.071975
seq1/2868.png 9.608696 9.96073 -14.398551 0.095193 0.70067 0.70067 -0.095193
seq1/2869.png 9.608696 9.96073 -14.398551 0.118308 0.697139 0.697139 -0.118308
seq1/2870.png 9.608696 9.96073 -14.398551 0.141293 0.692847 0.692847 -0.141293
seq1/2871.png 9.608696 9.96073 -14.398551 0.164123 0.687796 0.687796 -0.164123
seq1/2872.png 9.608696 9.96073 -14.398551 0.186774 0.681994 0.681994 -0.186774
seq1/2873.png 9.608696 9.96073 -14.398551 0.209221 0.675445 0.675445 -0.209221
seq1/2874.png 9.608696 9.96073 -14.398551 0.231439 0.668159 0.668159 -0.231439
seq1/2875.png 9.608696 9.96073 -14.398551 0.253404 0.660141 0.660141 -0.253404
seq1/2876.png 4.413043 9.96073 -14.398551 0.071975 0.703434 0.703434 -0.071975
seq1/2877.png 4.413043 9.96073 -14.398551 0.095193 0.70067 0.70067 -0.095193
seq1/2878.png 4.413043 9.96073 -14.398551 0.118308 0.697139 0.697139 -0.118308
seq1/2879.png 4.413043 9.96073 -14.398551 0.141293 0.692847 0.692847 -0.141293
seq1/2880.png 4.413043 9.96073 -14.398551 0.164123 0.687796 0.687796 -0.164123
seq1/2881.png 4.413043 9.96073 -14.398551 0.186774 0.681994 0.681994 -0.186774
seq1/2882.png 4.413043 9.96073 -14.398551 0.209221 0.675445 0.675445 -0.209221
seq1/2883.png 4.413043 9.96073 -14.398551 0.231439 0.668159 0.668159 -0.231439
seq1/2884.png 4.413043 9.96073 -14.398551 0.253404 0.660141 0.660141 -0.253404
seq1/2885.png -0.782609 9.96073 -14.398551 0.095193 0.70067 0.70067 -0.095193
seq1/2886.png -0.782609 9.96073 -14.398551 0.118308 0.697139 0.697139 -0.118308
seq1/2887.png -0.782609 9.96073 -14.398551 0.141293 0.692847 0.692847 -0.141293
seq1/2888.png -0.782609 9.96073 -14.398551 0.164123 0.687796 0.687796 -0.164123
seq1/2889.png -0.782609 9.96073 -14.398551 0.186774 0.681994 0.681994 -0.186774
seq1/2890.png -0.782609 9.96073 -14.398551 0.209221 0.675445 0.675445 -0.209221
seq1/2891.png -0.782609 9.96073 -14.398551 0.231439 0.668159 0.668159 -0.231439
seq1/2892.png -0.782609 9.96073 -14.398551 0.253404 0.660141 0.660141 -0.253404
seq1/2893.png -5.978261 9.96073 -14.398551 0.118308 0.697139 0.697139 -0.118308
seq1/2894.png -5.978261 9.96073 -14.398551 0.141293 0.692847 0.692847 -0.141293
seq1/2895.png -5.978261 9.96073 -14.398551 0.164123 0.687796 0.687796 -0.164123
seq1/2896.png -5.978261 9.96073 -14.398551 0.186774 0.681994 0.681994 -0.186774
seq1/2897.png -5.978261 9.96073 -14.398551 0.209221 0.675445 0.675445 -0.209221
seq1/2898.png -5.978261 9.96073 -14.398551 0.231439 0.668159 0.668159 -0.231439
seq1/2899.png -5.978261 9.96073 -14.398551 0.253404 0.660141 0.660141 -0.253404
seq1/2900.png -11.173913 9.96073 -14.398551 0.141293 0.692847 0.692847 -0.141293
seq1/2901.png -11.173913 9.96073 -14.398551 0.164123 0.687796 0.687796 -0.164123
seq1/2902.png -11.173913 9.96073 -14.398551 0.186774 0.681994 0.681994 -0.186774
seq1/2903.png -11.173913 9.96073 -14.398551 0.209221 0.675445 0.675445 -0.209221
seq1/2904.png -11.173913 9.96073 -14.398551 0.231439 0.668159 0.668159 -0.231439
seq1/2905.png -11.173913 9.96073 -14.398551 0.253404 0.660141 0.660141 -0.253404
seq1/2906.png -16.369565 9.96073 -14.398551 0.164123 0.687796 0.687796 -0.164123
seq1/2907.png -16.369565 9.96073 -14.398551 0.186774 0.681994 0.681994 -0.186774
seq1/2908.png -16.369565 9.96073 -14.398551 0.209221 0.675445 0.675445 -0.209221
seq1/2909.png -16.369565 9.96073 -14.398551 0.231439 0.668159 0.668159 -0.231439
seq1/2910.png -16.369565 9.96073 -14.398551 0.253404 0.660141 0.660141 -0.253404
seq1/2911.png -21.565217 9.96073 -14.398551 0.209221 0.675445 0.675445 -0.209221
seq1/2912.png -21.565217 9.96073 -14.398551 0.231439 0.668159 0.668159 -0.231439
seq1/2913.png -21.565217 9.96073 -14.398551 0.253404 0.660141 0.660141 -0.253404
seq1/2914.png -26.76087 9.96073 -14.398551 0.231439 0.668159 0.668159 -0.231439
seq1/2915.png -26.76087 9.96073 -14.398551 0.253404 0.660141 0.660141 -0.253404
seq1/2916.png -31.956522 9.96073 -14.398551 0.253404 0.660141 0.660141 -0.253404
seq1/2917.png 20.0 9.96073 -17.884058 0.001949 0.707104 0.707104 -0.001949
seq1/2918.png 20.0 9.96073 -17.884058 0.025327 0.706653 0.706653 -0.025327
seq1/2919.png 20.0 9.96073 -17.884058 0.048677 0.705429 0.705429 -0.048677
seq1/2920.png 20.0 9.96073 -17.884058 0.071975 0.703434 0.703434 -0.071975
seq1/2921.png 20.0 9.96073 -17.884058 0.095193 0.70067 0.70067 -0.095193
seq1/2922.png 20.0 9.96073 -17.884058 0.118308 0.697139 0.697139 -0.118308
seq1/2923.png 20.0 9.96073 -17.884058 0.141293 0.692847 0.692847 -0.141293
seq1/2924.png 20.0 9.96073 -17.884058 0.164123 0.687796 0.687796 -0.164123
seq1/2925.png 20.0 9.96073 -17.884058 0.186774 0.681994 0.681994 -0.186774
seq1/2926.png 20.0 9.96073 -17.884058 0.209221 0.675445 0.675445 -0.209221
seq1/2927.png 20.0 9.96073 -17.884058 0.231439 0.668159 0.668159 -0.231439
seq1/2928.png 20.0 9.96073 -17.884058 0.253404 0.660141 0.660141 -0.253404
seq1/2929.png 14.804348 9.96073 -17.884058 0.025327 0.706653 0.706653 -0.025327
seq1/2930.png 14.804348 9.96073 -17.884058 0.048677 0.705429 0.705429 -0.048677
seq1/2931.png 14.804348 9.96073 -17.884058 0.071975 0.703434 0.703434 -0.071975
seq1/2932.png 14.804348 9.96073 -17.884058 0.095193 0.70067 0.70067 -0.095193
seq1/2933.png 14.804348 9.96073 -17.884058 0.118308 0.697139 0.697139 -0.118308
seq1/2934.png 14.804348 9.96073 -17.884058 0.141293 0.692847 0.692847 -0.141293
seq1/2935.png 14.804348 9.96073 -17.884058 0.164123 0.687796 0.687796 -0.164123
seq1/2936.png 14.804348 9.96073 -17.884058 0.186774 0.681994 0.681994 -0.186774
seq1/2937.png 14.804348 9.96073 -17.884058 0.209221 0.675445 0.675445 -0.209221
seq1/2938.png 14.804348 9.96073 -17.884058 0.231439 0.668159 0.668159 -0.231439
seq1/2939.png 14.804348 9.96073 -17.884058 0.253404 0.660141 0.660141 -0.253404
seq1/2940.png 9.608696 9.96073 -17.884058 0.048677 0.705429 0.705429 -0.048677
seq1/2941.png 9.608696 9.96073 -17.884058 0.071975 0.703434 0.703434 -0.071975
seq1/2942.png 9.608696 9.96073 -17.884058 0.095193 0.70067 0.70067 -0.095193
seq1/2943.png 9.608696 9.96073 -17.884058 0.118308 0.697139 0.697139 -0.118308
seq1/2944.png 9.608696 9.96073 -17.884058 0.141293 0.692847 0.692847 -0.141293
seq1/2945.png 9.608696 9.96073 -17.884058 0.164123 0.687796 0.687796 -0.164123
seq1/2946.png 9.608696 9.96073 -17.884058 0.186774 0.681994 0.681994 -0.186774
seq1/2947.png 9.608696 9.96073 -17.884058 0.209221 0.675445 0.675445 -0.209221
seq1/2948.png 9.608696 9.96073 -17.884058 0.231439 0.668159 0.668159 -0.231439
seq1/2949.png 9.608696 9.96073 -17.884058 0.253404 0.660141 0.660141 -0.253404
seq1/2950.png 4.413043 9.96073 -17.884058 0.071975 0.703434 0.703434 -0.071975
seq1/2951.png 4.413043 9.96073 -17.884058 0.095193 0.70067 0.70067 -0.095193
seq1/2952.png 4.413043 9.96073 -17.884058 0.118308 0.697139 0.697139 -0.118308
seq1/2953.png 4.413043 9.96073 -17.884058 0.141293 0.692847 0.692847 -0.141293
seq1/2954.png 4.413043 9.96073 -17.884058 0.164123 0.687796 0.687796 -0.164123
seq1/2955.png 4.413043 9.96073 -17.884058 0.186774 0.681994 0.681994 -0.186774
seq1/2956.png 4.413043 9.96073 -17.884058 0.209221 0.675445 0.675445 -0.209221
seq1/2957.png 4.413043 9.96073 -17.884058 0.231439 0.668159 0.668159 -0.231439
seq1/2958.png 4.413043 9.96073 -17.884058 0.253404 0.660141 0.660141 -0.253404
seq1/2959.png -0.782609 9.96073 -17.884058 0.095193 0.70067 0.70067 -0.095193
seq1/2960.png -0.782609 9.96073 -17.884058 0.118308 0.697139 0.697139 -0.118308
seq1/2961.png -0.782609 9.96073 -17.884058 0.141293 0.692847 0.692847 -0.141293
seq1/2962.png -0.782609 9.96073 -17.884058 0.164123 0.687796 0.687796 -0.164123
seq1/2963.png -0.782609 9.96073 -17.884058 0.186774 0.681994 0.681994 -0.186774
seq1/2964.png -0.782609 9.96073 -17.884058 0.209221 0.675445 0.675445 -0.209221
seq1/2965.png -0.782609 9.96073 -17.884058 0.231439 0.668159 0.668159 -0.231439
seq1/2966.png -0.782609 9.96073 -17.884058 0.253404 0.660141 0.660141 -0.253404
seq1/2967.png -5.978261 9.96073 -17.884058 0.118308 0.697139 0.697139 -0.118308
seq1/2968.png -5.978261 9.96073 -17.884058 0.141293 0.692847 0.692847 -0.141293
seq1/2969.png -5.978261 9.96073 -17.884058 0.164123 0.687796 0.687796 -0.164123
seq1/2970.png -5.978261 9.96073 -17.884058 0.186774 0.681994 0.681994 -0.186774
seq1/2971.png -5.978261 9.96073 -17.884058 0.209221 0.675445 0.675445 -0.209221
seq1/2972.png -5.978261 9.96073 -17.884058 0.231439 0.668159 0.668159 -0.231439
seq1/2973.png -5.978261 9.96073 -17.884058 0.253404 0.660141 0.660141 -0.253404
seq1/2974.png -11.173913 9.96073 -17.884058 0.141293 0.692847 0.692847 -0.141293
seq1/2975.png -11.173913 9.96073 -17.884058 0.164123 0.687796 0.687796 -0.164123
seq1/2976.png -11.173913 9.96073 -17.884058 0.186774 0.681994 0.681994 -0.186774
seq1/2977.png -11.173913 9.96073 -17.884058 0.209221 0.675445 0.675445 -0.209221
seq1/2978.png -11.173913 9.96073 -17.884058 0.231439 0.668159 0.668159 -0.231439
seq1/2979.png -11.173913 9.96073 -17.884058 0.253404 0.660141 0.660141 -0.253404
seq1/2980.png -16.369565 9.96073 -17.884058 0.164123 0.687796 0.687796 -0.164123
seq1/2981.png -16.369565 9.96073 -17.884058 0.186774 0.681994 0.681994 -0.186774
seq1/2982.png -16.369565 9.96073 -17.884058 0.209221 0.675445 0.675445 -0.209221
seq1/2983.png -16.369565 9.96073 -17.884058 0.231439 0.668159 0.668159 -0.231439
seq1/2984.png -16.369565 9.96073 -17.884058 0.253404 0.660141 0.660141 -0.253404
seq1/2985.png -21.565217 9.96073 -17.884058 0.209221 0.675445 0.675445 -0.209221
seq1/2986.png -21.565217 9.96073 -17.884058 0.231439 0.668159 0.668159 -0.231439
seq1/2987.png -21.565217 9.96073 -17.884058 0.253404 0.660141 0.660141 -0.253404
seq1/2988.png -26.76087 9.96073 -17.884058 0.231439 0.668159 0.668159 -0.231439
seq1/2989.png -26.76087 9.96073 -17.884058 0.253404 0.660141 0.660141 -0.253404
seq1/2990.png -31.956522 9.96073 -17.884058 0.253404 0.660141 0.660141 -0.253404
seq1/2991.png 20.0 9.96073 -21.369565 0.025327 0.706653 0.706653 -0.025327
seq1/2992.png 20.0 9.96073 -21.369565 0.048677 0.705429 0.705429 -0.048677
seq1/2993.png 20.0 9.96073 -21.369565 0.071975 0.703434 0.703434 -0.071975
seq1/2994.png 20.0 9.96073 -21.369565 0.095193 0.70067 0.70067 -0.095193
seq1/2995.png 20.0 9.96073 -21.369565 0.118308 0.697139 0.697139 -0.118308
seq1/2996.png 20.0 9.96073 -21.369565 0.141293 0.692847 0.692847 -0.141293
seq1/2997.png 20.0 9.96073 -21.369565 0.164123 0.687796 0.687796 -0.164123
seq1/2998.png 20.0 9.96073 -21.369565 0.186774 0.681994 0.681994 -0.186774
seq1/2999.png 20.0 9.96073 -21.369565 0.209221 0.675445 0.675445 -0.209221
seq1/3000.png 20.0 9.96073 -21.369565 0.231439 0.668159 0.668159 -0.231439
seq1/3001.png 20.0 9.96073 -21.369565 0.253404 0.660141 0.660141 -0.253404
seq1/3002.png 14.804348 9.96073 -21.369565 0.025327 0.706653 0.706653 -0.025327
seq1/3003.png 14.804348 9.96073 -21.369565 0.048677 0.705429 0.705429 -0.048677
seq1/3004.png 14.804348 9.96073 -21.369565 0.071975 0.703434 0.703434 -0.071975
seq1/3005.png 14.804348 9.96073 -21.369565 0.095193 0.70067 0.70067 -0.095193
seq1/3006.png 14.804348 9.96073 -21.369565 0.118308 0.697139 0.697139 -0.118308
seq1/3007.png 14.804348 9.96073 -21.369565 0.141293 0.692847 0.692847 -0.141293
seq1/3008.png 14.804348 9.96073 -21.369565 0.164123 0.687796 0.687796 -0.164123
seq1/3009.png 14.804348 9.96073 -21.369565 0.186774 0.681994 0.681994 -0.186774
seq1/3010.png 14.804348 9.96073 -21.369565 0.209221 0.675445 0.675445 -0.209221
seq1/3011.png 14.804348 9.96073 -21.369565 0.231439 0.668159 0.668159 -0.231439
seq1/3012.png 14.804348 9.96073 -21.369565 0.253404 0.660141 0.660141 -0.253404
seq1/3013.png 9.608696 9.96073 -21.369565 0.048677 0.705429 0.705429 -0.048677
seq1/3014.png 9.608696 9.96073 -21.369565 0.071975 0.703434 0.703434 -0.071975
seq1/3015.png 9.608696 9.96073 -21.369565 0.095193 0.70067 0.70067 -0.095193
seq1/3016.png 9.608696 9.96073 -21.369565 0.118308 0.697139 0.697139 -0.118308
seq1/3017.png 9.608696 9.96073 -21.369565 0.141293 0.692847 0.692847 -0.141293
seq1/3018.png 9.608696 9.96073 -21.369565 0.164123 0.687796 0.687796 -0.164123
seq1/3019.png 9.608696 9.96073 -21.369565 0.186774 0.681994 0.681994 -0.186774
seq1/3020.png 9.608696 9.96073 -21.369565 0.209221 0.675445 0.675445 -0.209221
seq1/3021.png 9.608696 9.96073 -21.369565 0.231439 0.668159 0.668159 -0.231439
seq1/3022.png 9.608696 9.96073 -21.369565 0.253404 0.660141 0.660141 -0.253404
seq1/3023.png 4.413043 9.96073 -21.369565 0.071975 0.703434 0.703434 -0.071975
seq1/3024.png 4.413043 9.96073 -21.369565 0.095193 0.70067 0.70067 -0.095193
seq1/3025.png 4.413043 9.96073 -21.369565 0.118308 0.697139 0.697139 -0.118308
seq1/3026.png 4.413043 9.96073 -21.369565 0.141293 0.692847 0.692847 -0.141293
seq1/3027.png 4.413043 9.96073 -21.369565 0.164123 0.687796 0.687796 -0.164123
seq1/3028.png 4.413043 9.96073 -21.369565 0.186774 0.681994 0.681994 -0.186774
seq1/3029.png 4.413043 9.96073 -21.369565 0.209221 0.675445 0.675445 -0.209221
seq1/3030.png 4.413043 9.96073 -21.369565 0.231439 0.668159 0.668159 -0.231439
seq1/3031.png 4.413043 9.96073 -21.369565 0.253404 0.660141 0.660141 -0.253404
seq1/3032.png -0.782609 9.96073 -21.369565 0.095193 0.70067 0.70067 -0.095193
seq1/3033.png -0.782609 9.96073 -21.369565 0.118308 0.697139 0.697139 -0.118308
seq1/3034.png -0.782609 9.96073 -21.369565 0.141293 0.692847 0.692847 -0.141293
seq1/3035.png -0.782609 9.96073 -21.369565 0.164123 0.687796 0.687796 -0.164123
seq1/3036.png -0.782609 9.96073 -21.369565 0.186774 0.681994 0.681994 -0.186774
seq1/3037.png -0.782609 9.96073 -21.369565 0.209221 0.675445 0.675445 -0.209221
seq1/3038.png -0.782609 9.96073 -21.369565 0.231439 0.668159 0.668159 -0.231439
seq1/3039.png -0.782609 9.96073 -21.369565 0.253404 0.660141 0.660141 -0.253404
seq1/3040.png -5.978261 9.96073 -21.369565 0.118308 0.697139 0.697139 -0.118308
seq1/3041.png -5.978261 9.96073 -21.369565 0.141293 0.692847 0.692847 -0.141293
seq1/3042.png -5.978261 9.96073 -21.369565 0.164123 0.687796 0.687796 -0.164123
seq1/3043.png -5.978261 9.96073 -21.369565 0.186774 0.681994 0.681994 -0.186774
seq1/3044.png -5.978261 9.96073 -21.369565 0.209221 0.675445 0.675445 -0.209221
seq1/3045.png -5.978261 9.96073 -21.369565 0.231439 0.668159 0.668159 -0.231439
seq1/3046.png -5.978261 9.96073 -21.369565 0.253404 0.660141 0.660141 -0.253404
seq1/3047.png -11.173913 9.96073 -21.369565 0.141293 0.692847 0.692847 -0.141293
seq1/3048.png -11.173913 9.96073 -21.369565 0.164123 0.687796 0.687796 -0.164123
seq1/3049.png -11.173913 9.96073 -21.369565 0.186774 0.681994 0.681994 -0.186774
seq1/3050.png -11.173913 9.96073 -21.369565 0.209221 0.675445 0.675445 -0.209221
seq1/3051.png -11.173913 9.96073 -21.369565 0.231439 0.668159 0.668159 -0.231439
seq1/3052.png -11.173913 9.96073 -21.369565 0.253404 0.660141 0.660141 -0.253404
seq1/3053.png -16.369565 9.96073 -21.369565 0.164123 0.687796 0.687796 -0.164123
seq1/3054.png -16.369565 9.96073 -21.369565 0.186774 0.681994 0.681994 -0.186774
seq1/3055.png -16.369565 9.96073 -21.369565 0.209221 0.675445 0.675445 -0.209221
seq1/3056.png -16.369565 9.96073 -21.369565 0.231439 0.668159 0.668159 -0.231439
seq1/3057.png -16.369565 9.96073 -21.369565 0.253404 0.660141 0.660141 -0.253404
seq1/3058.png -21.565217 9.96073 -21.369565 0.209221 0.675445 0.675445 -0.209221
seq1/3059.png -21.565217 9.96073 -21.369565 0.231439 0.668159 0.668159 -0.231439
seq1/3060.png -21.565217 9.96073 -21.369565 0.253404 0.660141 0.660141 -0.253404
seq1/3061.png -26.76087 9.96073 -21.369565 0.231439 0.668159 0.668159 -0.231439
seq1/3062.png -26.76087 9.96073 -21.369565 0.253404 0.660141 0.660141 -0.253404
seq1/3063.png 20.0 9.96073 -24.855072 0.071975 0.703434 0.703434 -0.071975
seq1/3064.png 20.0 9.96073 -24.855072 0.095193 0.70067 0.70067 -0.095193
seq1/3065.png 20.0 9.96073 -24.855072 0.118308 0.697139 0.697139 -0.118308
seq1/3066.png 20.0 9.96073 -24.855072 0.141293 0.692847 0.692847 -0.141293
seq1/3067.png 20.0 9.96073 -24.855072 0.164123 0.687796 0.687796 -0.164123
seq1/3068.png 20.0 9.96073 -24.855072 0.186774 0.681994 0.681994 -0.186774
seq1/3069.png 20.0 9.96073 -24.855072 0.209221 0.675445 0.675445 -0.209221
seq1/3070.png 20.0 9.96073 -24.855072 0.231439 0.668159 0.668159 -0.231439
seq1/3071.png 20.0 9.96073 -24.855072 0.253404 0.660141 0.660141 -0.253404
seq1/3072.png 14.804348 9.96073 -24.855072 0.071975 0.703434 0.703434 -0.071975
seq1/3073.png 14.804348 9.96073 -24.855072 0.095193 0.70067 0.70067 -0.095193
seq1/3074.png 14.804348 9.96073 -24.855072 0.118308 0.697139 0.697139 -0.118308
seq1/3075.png 14.804348 9.96073 -24.855072 0.141293 0.692847 0.692847 -0.141293
seq1/3076.png 14.804348 9.96073 -24.855072 0.164123 0.687796 0.687796 -0.164123
seq1/3077.png 14.804348 9.96073 -24.855072 0.186774 0.681994 0.681994 -0.186774
seq1/3078.png 14.804348 9.96073 -24.855072 0.209221 0.675445 0.675445 -0.209221
seq1/3079.png 14.804348 9.96073 -24.855072 0.231439 0.668159 0.668159 -0.231439
seq1/3080.png 14.804348 9.96073 -24.855072 0.253404 0.660141 0.660141 -0.253404
seq1/3081.png 9.608696 9.96073 -24.855072 0.095193 0.70067 0.70067 -0.095193
seq1/3082.png 9.608696 9.96073 -24.855072 0.118308 0.697139 0.697139 -0.118308
seq1/3083.png 9.608696 9.96073 -24.855072 0.141293 0.692847 0.692847 -0.141293
seq1/3084.png 9.608696 9.96073 -24.855072 0.164123 0.687796 0.687796 -0.164123
seq1/3085.png 9.608696 9.96073 -24.855072 0.186774 0.681994 0.681994 -0.186774
seq1/3086.png 9.608696 9.96073 -24.855072 0.209221 0.675445 0.675445 -0.209221
seq1/3087.png 9.608696 9.96073 -24.855072 0.231439 0.668159 0.668159 -0.231439
seq1/3088.png 9.608696 9.96073 -24.855072 0.253404 0.660141 0.660141 -0.253404
seq1/3089.png 4.413043 9.96073 -24.855072 0.095193 0.70067 0.70067 -0.095193
seq1/3090.png 4.413043 9.96073 -24.855072 0.118308 0.697139 0.697139 -0.118308
seq1/3091.png 4.413043 9.96073 -24.855072 0.141293 0.692847 0.692847 -0.141293
seq1/3092.png 4.413043 9.96073 -24.855072 0.164123 0.687796 0.687796 -0.164123
seq1/3093.png 4.413043 9.96073 -24.855072 0.186774 0.681994 0.681994 -0.186774
seq1/3094.png 4.413043 9.96073 -24.855072 0.209221 0.675445 0.675445 -0.209221
seq1/3095.png 4.413043 9.96073 -24.855072 0.231439 0.668159 0.668159 -0.231439
seq1/3096.png 4.413043 9.96073 -24.855072 0.253404 0.660141 0.660141 -0.253404
seq1/3097.png -0.782609 9.96073 -24.855072 0.118308 0.697139 0.697139 -0.118308
seq1/3098.png -0.782609 9.96073 -24.855072 0.141293 0.692847 0.692847 -0.141293
seq1/3099.png -0.782609 9.96073 -24.855072 0.164123 0.687796 0.687796 -0.164123
seq1/3100.png -0.782609 9.96073 -24.855072 0.186774 0.681994 0.681994 -0.186774
seq1/3101.png -0.782609 9.96073 -24.855072 0.209221 0.675445 0.675445 -0.209221
seq1/3102.png -0.782609 9.96073 -24.855072 0.231439 0.668159 0.668159 -0.231439
seq1/3103.png -0.782609 9.96073 -24.855072 0.253404 0.660141 0.660141 -0.253404
seq1/3104.png -5.978261 9.96073 -24.855072 0.141293 0.692847 0.692847 -0.141293
seq1/3105.png -5.978261 9.96073 -24.855072 0.164123 0.687796 0.687796 -0.164123
seq1/3106.png -5.978261 9.96073 -24.855072 0.186774 0.681994 0.681994 -0.186774
seq1/3107.png -5.978261 9.96073 -24.855072 0.209221 0.675445 0.675445 -0.209221
seq1/3108.png -5.978261 9.96073 -24.855072 0.231439 0.668159 0.668159 -0.231439
seq1/3109.png -5.978261 9.96073 -24.855072 0.253404 0.660141 0.660141 -0.253404
seq1/3110.png -11.173913 9.96073 -24.855072 0.164123 0.687796 0.687796 -0.164123
seq1/3111.png -11.173913 9.96073 -24.855072 0.186774 0.681994 0.681994 -0.186774
seq1/3112.png -11.173913 9.96073 -24.855072 0.209221 0.675445 0.675445 -0.209221
seq1/3113.png -11.173913 9.96073 -24.855072 0.231439 0.668159 0.668159 -0.231439
seq1/3114.png -11.173913 9.96073 -24.855072 0.253404 0.660141 0.660141 -0.253404
seq1/3115.png -16.369565 9.96073 -24.855072 0.186774 0.681994 0.681994 -0.186774
seq1/3116.png -16.369565 9.96073 -24.855072 0.209221 0.675445 0.675445 -0.209221
seq1/3117.png -16.369565 9.96073 -24.855072 0.231439 0.668159 0.668159 -0.231439
seq1/3118.png -16.369565 9.96073 -24.855072 0.253404 0.660141 0.660141 -0.253404
seq1/3119.png -21.565217 9.96073 -24.855072 0.231439 0.668159 0.668159 -0.231439
seq1/3120.png -21.565217 9.96073 -24.855072 0.253404 0.660141 0.660141 -0.253404
seq1/3121.png -26.76087 9.96073 -24.855072 0.253404 0.660141 0.660141 -0.253404
seq1/3122.png 20.0 9.96073 -28.34058 0.095193 0.70067 0.70067 -0.095193
seq1/3123.png 20.0 9.96073 -28.34058 0.118308 0.697139 0.697139 -0.118308
seq1/3124.png 20.0 9.96073 -28.34058 0.141293 0.692847 0.692847 -0.141293
seq1/3125.png 20.0 9.96073 -28.34058 0.164123 0.687796 0.687796 -0.164123
seq1/3126.png 20.0 9.96073 -28.34058 0.186774 0.681994 0.681994 -0.186774
seq1/3127.png 20.0 9.96073 -28.34058 0.209221 0.675445 0.675445 -0.209221
seq1/3128.png 20.0 9.96073 -28.34058 0.231439 0.668159 0.668159 -0.231439
seq1/3129.png 20.0 9.96073 -28.34058 0.253404 0.660141 0.660141 -0.253404
seq1/3130.png 14.804348 9.96073 -28.34058 0.118308 0.697139 0.697139 -0.118308
seq1/3131.png 14.804348 9.96073 -28.34058 0.141293 0.692847 0.692847 -0.141293
seq1/3132.png 14.804348 9.96073 -28.34058 0.164123 0.687796 0.687796 -0.164123
seq1/3133.png 14.804348 9.96073 -28.34058 0.186774 0.681994 0.681994 -0.186774
seq1/3134.png 14.804348 9.96073 -28.34058 0.209221 0.675445 0.675445 -0.209221
seq1/3135.png 14.804348 9.96073 -28.34058 0.231439 0.668159 0.668159 -0.231439
seq1/3136.png 14.804348 9.96073 -28.34058 0.253404 0.660141 0.660141 -0.253404
seq1/3137.png 9.608696 9.96073 -28.34058 0.118308 0.697139 0.697139 -0.118308
seq1/3138.png 9.608696 9.96073 -28.34058 0.141293 0.692847 0.692847 -0.141293
seq1/3139.png 9.608696 9.96073 -28.34058 0.164123 0.687796 0.687796 -0.164123
seq1/3140.png 9.608696 9.96073 -28.34058 0.186774 0.681994 0.681994 -0.186774
seq1/3141.png 9.608696 9.96073 -28.34058 0.209221 0.675445 0.675445 -0.209221
seq1/3142.png 9.608696 9.96073 -28.34058 0.231439 0.668159 0.668159 -0.231439
seq1/3143.png 9.608696 9.96073 -28.34058 0.253404 0.660141 0.660141 -0.253404
seq1/3144.png 4.413043 9.96073 -28.34058 0.141293 0.692847 0.692847 -0.141293
seq1/3145.png 4.413043 9.96073 -28.34058 0.164123 0.687796 0.687796 -0.164123
seq1/3146.png 4.413043 9.96073 -28.34058 0.186774 0.681994 0.681994 -0.186774
seq1/3147.png 4.413043 9.96073 -28.34058 0.209221 0.675445 0.675445 -0.209221
seq1/3148.png 4.413043 9.96073 -28.34058 0.231439 0.668159 0.668159 -0.231439
seq1/3149.png 4.413043 9.96073 -28.34058 0.253404 0.660141 0.660141 -0.253404
seq1/3150.png -0.782609 9.96073 -28.34058 0.164123 0.687796 0.687796 -0.164123
seq1/3151.png -0.782609 9.96073 -28.34058 0.186774 0.681994 0.681994 -0.186774
seq1/3152.png -0.782609 9.96073 -28.34058 0.209221 0.675445 0.675445 -0.209221
seq1/3153.png -0.782609 9.96073 -28.34058 0.231439 0.668159 0.668159 -0.231439
seq1/3154.png -0.782609 9.96073 -28.34058 0.253404 0.660141 0.660141 -0.253404
seq1/3155.png -5.978261 9.96073 -28.34058 0.186774 0.681994 0.681994 -0.186774
seq1/3156.png -5.978261 9.96073 -28.34058 0.209221 0.675445 0.675445 -0.209221
seq1/3157.png -5.978261 9.96073 -28.34058 0.231439 0.668159 0.668159 -0.231439
seq1/3158.png -5.978261 9.96073 -28.34058 0.253404 0.660141 0.660141 -0.253404
seq1/3159.png -11.173913 9.96073 -28.34058 0.209221 0.675445 0.675445 -0.209221
seq1/3160.png -11.173913 9.96073 -28.34058 0.231439 0.668159 0.668159 -0.231439
seq1/3161.png -11.173913 9.96073 -28.34058 0.253404 0.660141 0.660141 -0.253404
seq1/3162.png -16.369565 9.96073 -28.34058 0.231439 0.668159 0.668159 -0.231439
seq1/3163.png -16.369565 9.96073 -28.34058 0.253404 0.660141 0.660141 -0.253404
seq1/3164.png -21.565217 9.96073 -28.34058 0.253404 0.660141 0.660141 -0.253404
seq1/3165.png 20.0 9.96073 -31.826087 0.118308 0.697139 0.697139 -0.118308
seq1/3166.png 20.0 9.96073 -31.826087 0.141293 0.692847 0.692847 -0.141293
seq1/3167.png 20.0 9.96073 -31.826087 0.164123 0.687796 0.687796 -0.164123
seq1/3168.png 20.0 9.96073 -31.826087 0.186774 0.681994 0.681994 -0.186774
seq1/3169.png 20.0 9.96073 -31.826087 0.209221 0.675445 0.675445 -0.209221
seq1/3170.png 20.0 9.96073 -31.826087 0.231439 0.668159 0.668159 -0.231439
seq1/3171.png 20.0 9.96073 -31.826087 0.253404 0.660141 0.660141 -0.253404
seq1/3172.png 14.804348 9.96073 -31.826087 0.141293 0.692847 0.692847 -0.141293
seq1/3173.png 14.804348 9.96073 -31.826087 0.164123 0.687796 0.687796 -0.164123
seq1/3174.png 14.804348 9.96073 -31.826087 0.186774 0.681994 0.681994 -0.186774
seq1/3175.png 14.804348 9.96073 -31.826087 0.209221 0.675445 0.675445 -0.209221
seq1/3176.png 14.804348 9.96073 -31.826087 0.231439 0.668159 0.668159 -0.231439
seq1/3177.png 14.804348 9.96073 -31.826087 0.253404 0.660141 0.660141 -0.253404
seq1/3178.png 9.608696 9.96073 -31.826087 0.141293 0.692847 0.692847 -0.141293
seq1/3179.png 9.608696 9.96073 -31.826087 0.164123 0.687796 0.687796 -0.164123
seq1/3180.png 9.608696 9.96073 -31.826087 0.186774 0.681994 0.681994 -0.186774
seq1/3181.png 9.608696 9.96073 -31.826087 0.209221 0.675445 0.675445 -0.209221
seq1/3182.png 9.608696 9.96073 -31.826087 0.231439 0.668159 0.668159 -0.231439
seq1/3183.png 9.608696 9.96073 -31.826087 0.253404 0.660141 0.660141 -0.253404
seq1/3184.png 4.413043 9.96073 -31.826087 0.164123 0.687796 0.687796 -0.164123
seq1/3185.png 4.413043 9.96073 -31.826087 0.186774 0.681994 0.681994 -0.186774
seq1/3186.png 4.413043 9.96073 -31.826087 0.209221 0.675445 0.675445 -0.209221
seq1/3187.png 4.413043 9.96073 -31.826087 0.231439 0.668159 0.668159 -0.231439
seq1/3188.png 4.413043 9.96073 -31.826087 0.253404 0.660141 0.660141 -0.253404
seq1/3189.png -0.782609 9.96073 -31.826087 0.186774 0.681994 0.681994 -0.186774
seq1/3190.png -0.782609 9.96073 -31.826087 0.209221 0.675445 0.675445 -0.209221
seq1/3191.png -0.782609 9.96073 -31.826087 0.231439 0.668159 0.668159 -0.231439
seq1/3192.png -0.782609 9.96073 -31.826087 0.253404 0.660141 0.660141 -0.253404
seq1/3193.png -5.978261 9.96073 -31.826087 0.209221 0.675445 0.675445 -0.209221
seq1/3194.png -5.978261 9.96073 -31.826087 0.231439 0.668159 0.668159 -0.231439
seq1/3195.png -5.978261 9.96073 -31.826087 0.253404 0.660141 0.660141 -0.253404
seq1/3196.png -11.173913 9.96073 -31.826087 0.231439 0.668159 0.668159 -0.231439
seq1/3197.png -11.173913 9.96073 -31.826087 0.253404 0.660141 0.660141 -0.253404
seq1/3198.png -16.369565 9.96073 -31.826087 0.253404 0.660141 0.660141 -0.253404
seq1/3199.png 20.0 9.96073 -35.311594 0.141293 0.692847 0.692847 -0.141293
seq1/3200.png 20.0 9.96073 -35.311594 0.164123 0.687796 0.687796 -0.164123
seq1/3201.png 20.0 9.96073 -35.311594 0.186774 0.681994 0.681994 -0.186774
seq1/3202.png 20.0 9.96073 -35.311594 0.209221 0.675445 0.675445 -0.209221
seq1/3203.png 20.0 9.96073 -35.311594 0.231439 0.668159 0.668159 -0.231439
seq1/3204.png 20.0 9.96073 -35.311594 0.253404 0.660141 0.660141 -0.253404
seq1/3205.png 14.804348 9.96073 -35.311594 0.164123 0.687796 0.687796 -0.164123
seq1/3206.png 14.804348 9.96073 -35.311594 0.186774 0.681994 0.681994 -0.186774
seq1/3207.png 14.804348 9.96073 -35.311594 0.209221 0.675445 0.675445 -0.209221
seq1/3208.png 14.804348 9.96073 -35.311594 0.231439 0.668159 0.668159 -0.231439
seq1/3209.png 14.804348 9.96073 -35.311594 0.253404 0.660141 0.660141 -0.253404
seq1/3210.png 9.608696 9.96073 -35.311594 0.164123 0.687796 0.687796 -0.164123
seq1/3211.png 9.608696 9.96073 -35.311594 0.186774 0.681994 0.681994 -0.186774
seq1/3212.png 9.608696 9.96073 -35.311594 0.209221 0.675445 0.675445 -0.209221
seq1/3213.png 9.608696 9.96073 -35.311594 0.231439 0.668159 0.668159 -0.231439
seq1/3214.png 9.608696 9.96073 -35.311594 0.253404 0.660141 0.660141 -0.253404
seq1/3215.png 4.413043 9.96073 -35.311594 0.186774 0.681994 0.681994 -0.186774
seq1/3216.png 4.413043 9.96073 -35.311594 0.209221 0.675445 0.675445 -0.209221
seq1/3217.png 4.413043 9.96073 -35.311594 0.231439 0.668159 0.668159 -0.231439
seq1/3218.png 4.413043 9.96073 -35.311594 0.253404 0.660141 0.660141 -0.253404
seq1/3219.png -0.782609 9.96073 -35.311594 0.209221 0.675445 0.675445 -0.209221
seq1/3220.png -0.782609 9.96073 -35.311594 0.231439 0.668159 0.668159 -0.231439
seq1/3221.png -0.782609 9.96073 -35.311594 0.253404 0.660141 0.660141 -0.253404
seq1/3222.png -5.978261 9.96073 -35.311594 0.231439 0.668159 0.668159 -0.231439
seq1/3223.png -5.978261 9.96073 -35.311594 0.253404 0.660141 0.660141 -0.253404
seq1/3224.png -11.173913 9.96073 -35.311594 0.253404 0.660141 0.660141 -0.253404
seq1/3225.png -16.369565 9.96073 -35.311594 0.253404 0.660141 0.660141 -0.253404
seq1/3226.png 20.0 9.96073 -38.797101 0.164123 0.687796 0.687796 -0.164123
seq1/3227.png 20.0 9.96073 -38.797101 0.186774 0.681994 0.681994 -0.186774
seq1/3228.png 20.0 9.96073 -38.797101 0.209221 0.675445 0.675445 -0.209221
seq1/3229.png 20.0 9.96073 -38.797101 0.231439 0.668159 0.668159 -0.231439
seq1/3230.png 20.0 9.96073 -38.797101 0.253404 0.660141 0.660141 -0.253404
seq1/3231.png 14.804348 9.96073 -38.797101 0.186774 0.681994 0.681994 -0.186774
seq1/3232.png 14.804348 9.96073 -38.797101 0.209221 0.675445 0.675445 -0.209221
seq1/3233.png 14.804348 9.96073 -38.797101 0.231439 0.668159 0.668159 -0.231439
seq1/3234.png 14.804348 9.96073 -38.797101 0.253404 0.660141 0.660141 -0.253404
seq1/3235.png 9.608696 9.96073 -38.797101 0.186774 0.681994 0.681994 -0.186774
seq1/3236.png 9.608696 9.96073 -38.797101 0.209221 0.675445 0.675445 -0.209221
seq1/3237.png 9.608696 9.96073 -38.797101 0.231439 0.668159 0.668159 -0.231439
seq1/3238.png 9.608696 9.96073 -38.797101 0.253404 0.660141 0.660141 -0.253404
seq1/3239.png 4.413043 9.96073 -38.797101 0.209221 0.675445 0.675445 -0.209221
seq1/3240.png 4.413043 9.96073 -38.797101 0.231439 0.668159 0.668159 -0.231439
seq1/3241.png 4.413043 9.96073 -38.797101 0.253404 0.660141 0.660141 -0.253404
seq1/3242.png -0.782609 9.96073 -38.797101 0.231439 0.668159 0.668159 -0.231439
seq1/3243.png -0.782609 9.96073 -38.797101 0.253404 0.660141 0.660141 -0.253404
seq1/3244.png -5.978261 9.96073 -38.797101 0.231439 0.668159 0.668159 -0.231439
seq1/3245.png -5.978261 9.96073 -38.797101 0.253404 0.660141 0.660141 -0.253404
seq1/3246.png -11.173913 9.96073 -38.797101 0.253404 0.660141 0.660141 -0.253404
seq1/3247.png 20.0 9.96073 -42.282609 0.186774 0.681994 0.681994 -0.186774
seq1/3248.png 20.0 9.96073 -42.282609 0.209221 0.675445 0.675445 -0.209221
seq1/3249.png 20.0 9.96073 -42.282609 0.231439 0.668159 0.668159 -0.231439
seq1/3250.png 20.0 9.96073 -42.282609 0.253404 0.660141 0.660141 -0.253404
seq1/3251.png 14.804348 9.96073 -42.282609 0.186774 0.681994 0.681994 -0.186774
seq1/3252.png 14.804348 9.96073 -42.282609 0.209221 0.675445 0.675445 -0.209221
seq1/3253.png 14.804348 9.96073 -42.282609 0.231439 0.668159 0.668159 -0.231439
seq1/3254.png 14.804348 9.96073 -42.282609 0.253404 0.660141 0.660141 -0.253404
seq1/3255.png 9.608696 9.96073 -42.282609 0.209221 0.675445 0.675445 -0.209221
seq1/3256.png 9.608696 9.96073 -42.282609 0.231439 0.668159 0.668159 -0.231439
seq1/3257.png 9.608696 9.96073 -42.282609 0.253404 0.660141 0.660141 -0.253404
seq1/3258.png 4.413043 9.96073 -42.282609 0.231439 0.668159 0.668159 -0.231439
seq1/3259.png 4.413043 9.96073 -42.282609 0.253404 0.660141 0.660141 -0.253404
seq1/3260.png -0.782609 9.96073 -42.282609 0.231439 0.668159 0.668159 -0.231439
seq1/3261.png -0.782609 9.96073 -42.282609 0.253404 0.660141 0.660141 -0.253404
seq1/3262.png -5.978261 9.96073 -42.282609 0.253404 0.660141 0.660141 -0.253404
seq1/3263.png 20.0 9.96073 -45.768116 0.186774 0.681994 0.681994 -0.186774
seq1/3264.png 20.0 9.96073 -45.768116 0.209221 0.675445 0.675445 -0.209221
seq1/3265.png 20.0 9.96073 -45.768116 0.231439 0.668159 0.668159 -0.231439
seq1/3266.png 20.0 9.96073 -45.768116 0.253404 0.660141 0.660141 -0.253404
seq1/3267.png 14.804348 9.96073 -45.768116 0.209221 0.675445 0.675445 -0.209221
seq1/3268.png 14.804348 9.96073 -45.768116 0.231439 0.668159 0.668159 -0.231439
seq1/3269.png 14.804348 9.96073 -45.768116 0.253404 0.660141 0.660141 -0.253404
seq1/3270.png 9.608696 9.96073 -45.768116 0.231439 0.668159 0.668159 -0.231439
seq1/3271.png 9.608696 9.96073 -45.768116 0.253404 0.660141 0.660141 -0.253404
seq1/3272.png 4.413043 9.96073 -45.768116 0.231439 0.668159 0.668159 -0.231439
seq1/3273.png 4.413043 9.96073 -45.768116 0.253404 0.660141 0.660141 -0.253404
seq1/3274.png -0.782609 9.96073 -45.768116 0.253404 0.660141 0.660141 -0.253404
seq1/3275.png 20.0 9.96073 -49.253623 0.209221 0.675445 0.675445 -0.209221
seq1/3276.png 20.0 9.96073 -49.253623 0.231439 0.668159 0.668159 -0.231439
seq1/3277.png 20.0 9.96073 -49.253623 0.253404 0.660141 0.660141 -0.253404
seq1/3278.png 14.804348 9.96073 -49.253623 0.231439 0.668159 0.668159 -0.231439
seq1/3279.png 14.804348 9.96073 -49.253623 0.253404 0.660141 0.660141 -0.253404
seq1/3280.png 9.608696 9.96073 -49.253623 0.231439 0.668159 0.668159 -0.231439
seq1/3281.png 9.608696 9.96073 -49.253623 0.253404 0.660141 0.660141 -0.253404
seq1/3282.png 4.413043 9.96073 -49.253623 0.253404 0.660141 0.660141 -0.253404
seq1/3283.png -0.782609 9.96073 -49.253623 0.253404 0.660141 0.660141 -0.253404
seq1/3284.png 20.0 9.96073 -52.73913 0.231439 0.668159 0.668159 -0.231439
seq1/3285.png 20.0 9.96073 -52.73913 0.253404 0.660141 0.660141 -0.253404
seq1/3286.png 14.804348 9.96073 -52.73913 0.231439 0.668159 0.668159 -0.231439
seq1/3287.png 14.804348 9.96073 -52.73913 0.253404 0.660141 0.660141 -0.253404
seq1/3288.png 9.608696 9.96073 -52.73913 0.253404 0.660141 0.660141 -0.253404
seq1/3289.png 4.413043 9.96073 -52.73913 0.253404 0.660141 0.660141 -0.253404
seq1/3290.png 20.0 9.96073 -56.224638 0.231439 0.668159 0.668159 -0.231439
seq1/3291.png 20.0 9.96073 -56.224638 0.253404 0.660141 0.660141 -0.253404
seq1/3292.png 14.804348 9.96073 -56.224638 0.253404 0.660141 0.660141 -0.253404
seq1/3293.png 9.608696 9.96073 -56.224638 0.253404 0.660141 0.660141 -0.253404
seq1/3294.png 20.0 9.96073 -59.710145 0.253404 0.660141 0.660141 -0.253404
