-48.947369 10.0 -45.263157 -0.576608 -0.409296 -0.409296 0.576608
-36.605263 10.0 -19.535088 0.253404 0.660141 0.660141 -0.253404
-19.473684 10.0 -53.157894 0.353553 0.612372 0.612372 -0.353553
-11.447368 10.0 -49.070175 0.253404 0.660141 0.660141 -0.253404
20.000000 10.0 1.561404 0.095193 0.700670 0.700670 -0.095193
-61.578945 10.0 -13.684211 -0.625554 -0.329670 -0.329670 0.625554
-19.473684 10.0 -5.789474 0.431232 0.560392 0.560392 -0.431232
5.789474 10.0 -61.052631 0.412468 0.574343 0.574343 -0.412468
-27.894737 10.0 10.000000 -0.614312 -0.350173 -0.350173 0.614312
-48.947369 10.0 -21.578947 0.353553 0.612372 0.612372 -0.353553
-23.684212 10.0 -13.684211 0.431232 0.560392 0.560392 -0.431232
13.710526 10.0 -57.508774 0.231439 0.668159 0.668159 -0.231439
1.131579 10.0 -57.508774 0.253404 0.660141 0.660141 -0.253404
-48.947369 10.0 -13.684211 0.449525 0.545827 0.545827 -0.449525
-53.157894 10.0 -21.578947 -0.614312 -0.350173 -0.350173 0.614312
-15.263158 10.0 -13.684211 0.373607 0.600348 0.600348 -0.373607
-5.157895 10.0 -27.973684 0.209221 0.675445 0.675445 -0.209221
-40.526318 10.0 -45.263157 -0.548297 -0.446509 -0.446509 0.548297
-27.894737 10.0 -61.052631 -0.501376 -0.498620 -0.498620 0.501376
20.000000 10.0 -2.657895 -0.044789 0.705687 0.705687 0.044789
20.000000 10.0 -15.315789 0.186774 0.681994 0.681994 -0.186774
-70.000000 10.0 -21.578947 -0.562760 -0.428137 -0.428137 0.562760
-57.368420 10.0 -29.473684 0.431232 0.560392 0.560392 -0.431232
-40.526318 10.0 -29.473684 0.467326 0.530666 0.530666 -0.467326
-65.789474 10.0 -13.684211 0.484616 0.514925 0.514925 -0.484616
20.000000 10.0 -19.535088 -0.021432 0.706782 0.706782 0.021432
-27.894737 10.0 -21.578947 -0.501376 -0.498620 -0.498620 0.501376
-48.947369 10.0 10.000000 -0.501376 -0.498620 -0.498620 0.501376
-57.368420 10.0 10.000000 -0.562760 -0.428137 -0.428137 0.562760
-40.526318 10.0 -61.052631 -0.517588 -0.481770 -0.481770 0.517588
-5.157895 10.0 1.561404 0.141293 0.692847 0.692847 -0.141293
-65.789474 10.0 -53.157894 -0.533234 -0.464394 -0.464394 0.533234
-57.368420 10.0 -5.789474 -0.602398 -0.370293 -0.370293 0.602398
-40.526318 10.0 2.105263 0.467326 0.530666 0.530666 -0.467326
20.000000 10.0 -15.315789 -0.021432 0.706782 0.706782 0.021432
13.710526 10.0 10.000000 0.048677 0.705429 0.705429 -0.048677
-23.684212 10.0 -53.157894 0.449525 0.545827 0.545827 -0.449525
5.789474 10.0 -53.157894 0.449525 0.545827 0.545827 -0.449525
13.710526 10.0 -49.070175 0.231439 0.668159 0.668159 -0.231439
-15.263158 10.0 -29.473684 0.393252 0.587667 0.587667 -0.393252
-32.105263 10.0 -45.263157 -0.533234 -0.464394 -0.464394 0.533234
-36.315788 10.0 -29.473684 -0.576608 -0.409296 -0.409296 0.576608
-40.526318 10.0 -5.789474 -0.576608 -0.409296 -0.409296 0.576608
-53.157894 10.0 -37.368420 -0.548297 -0.446509 -0.446509 0.548297
-57.368420 10.0 -37.368420 -0.501376 -0.498620 -0.498620 0.501376
-57.368420 10.0 -45.263157 0.467326 0.530666 0.530666 -0.467326
-11.052632 10.0 -13.684211 0.393252 0.587667 0.587667 -0.393252
-61.578945 10.0 -13.684211 -0.625554 -0.329670 -0.329670 0.625554
-17.736841 10.0 1.561404 0.231439 0.668159 0.668159 -0.231439
20.000000 10.0 -40.631580 0.231439 0.668159 0.668159 -0.231439
-65.789474 10.0 -5.789474 0.412468 0.574343 0.574343 -0.412468
-57.368420 10.0 -21.578947 -0.625554 -0.329670 -0.329670 0.625554
-53.157894 10.0 -37.368420 -0.562760 -0.428137 -0.428137 0.562760
-57.368420 10.0 -5.789474 -0.625554 -0.329670 -0.329670 0.625554
-36.315788 10.0 2.105263 0.373607 0.600348 0.600348 -0.373607
-15.263158 10.0 -45.263157 0.393252 0.587667 0.587667 -0.393252
-65.789474 10.0 -13.684211 -0.533234 -0.464394 -0.464394 0.533234
10.000000 10.0 -68.947365 0.393252 0.587667 0.587667 -0.393252
-70.000000 10.0 2.105263 -0.636112 -0.308807 -0.308807 0.636112
-40.526318 10.0 2.105263 -0.517588 -0.481770 -0.481770 0.517588
20.000000 10.0 5.780702 -0.021432 0.706782 0.706782 0.021432
-2.631579 10.0 -29.473684 0.431232 0.560392 0.560392 -0.431232
-2.631579 10.0 -13.684211 0.393252 0.587667 0.587667 -0.393252
1.578947 10.0 -68.947365 0.353553 0.612372 0.612372 -0.353553
1.131579 10.0 -23.754387 0.231439 0.668159 0.668159 -0.231439
-19.473684 10.0 -53.157894 0.431232 0.560392 0.560392 -0.431232
-57.368420 10.0 -29.473684 -0.517588 -0.481770 -0.481770 0.517588
-15.263158 10.0 10.000000 0.449525 0.545827 0.545827 -0.449525
-53.157894 10.0 2.105263 -0.614312 -0.350173 -0.350173 0.614312
-5.157895 10.0 -36.412281 0.141293 0.692847 0.692847 -0.141293
-15.263158 10.0 -53.157894 0.373607 0.600348 0.600348 -0.373607
13.710526 10.0 -2.657895 0.231439 0.668159 0.668159 -0.231439
13.710526 10.0 -32.192982 0.048677 0.705429 0.705429 -0.048677
-48.947369 10.0 -5.789474 -0.501376 -0.498620 -0.498620 0.501376
-40.526318 10.0 -21.578947 0.393252 0.587667 0.587667 -0.393252 13.710526 10.0 5.780702 -0.021432 0.706782 0.706782 0.021432
-32.105263 10.0 -21.578947 -0.517588 -0.481770 -0.481770 0.517588
-61.578945 10.0 -53.157894 0.484616 0.514925 0.514925 -0.484616
-11.052632 10.0 -13.684211 0.449525 0.545827 0.545827 -0.449525
13.710526 10.0 5.780702 0.048677 0.705429 0.705429 -0.048677
7.421053 10.0 -49.070175 0.209221 0.675445 0.675445 -0.209221
-32.105263 10.0 -45.263157 0.353553 0.612372 0.612372 -0.353553
1.578947 10.0 -21.578947 0.373607 0.600348 0.600348 -0.373607
-36.315788 10.0 2.105263 -0.548297 -0.446509 -0.446509 0.548297
1.578947 10.0 2.105263 0.353553 0.612372 0.612372 -0.353553
20.000000 10.0 -23.754387 0.001949 0.707104 0.707104 -0.001949
-36.315788 10.0 -45.263157 0.412468 0.574343 0.574343 -0.412468
-23.684212 10.0 10.000000 0.412468 0.574343 0.574343 -0.412468
-23.684212 10.0 -13.684211 0.467326 0.530666 0.530666 -0.467326
13.710526 10.0 -36.412281 0.118308 0.697139 0.697139 -0.118308
-70.000000 10.0 2.105263 0.431232 0.560392 0.560392 -0.431232
-24.026316 10.0 -11.096491 0.231439 0.668159 0.668159 -0.231439
-32.105263 10.0 -61.052631 -0.501376 -0.498620 -0.498620 0.501376
20.000000 10.0 -6.877193 0.231439 0.668159 0.668159 -0.231439
-65.789474 10.0 -21.578947 0.449525 0.545827 0.545827 -0.449525
-53.157894 10.0 -37.368420 -0.533234 -0.464394 -0.464394 0.533234
-27.894737 10.0 2.105263 -0.562760 -0.428137 -0.428137 0.562760
-44.736843 10.0 2.105263 -0.625554 -0.329670 -0.329670 0.625554
-11.052632 10.0 -5.789474 0.484616 0.514925 0.514925 -0.484616
-27.894737 10.0 -53.157894 -0.501376 -0.498620 -0.498620 0.501376
-36.315788 10.0 -21.578947 0.393252 0.587667 0.587667 -0.393252
-57.368420 10.0 10.000000 -0.517588 -0.481770 -0.481770 0.517588
13.710526 10.0 -32.192982 0.253404 0.660141 0.660141 -0.253404
-61.578945 10.0 -13.684211 0.412468 0.574343 0.574343 -0.412468
-2.631579 10.0 -13.684211 0.467326 0.530666 0.530666 -0.467326
-5.157895 10.0 5.780702 0.164123 0.687796 0.687796 -0.164123
-19.473684 10.0 -29.473684 0.353553 0.612372 0.612372 -0.353553
20.000000 10.0 -19.535088 0.118308 0.697139 0.697139 -0.118308
-36.315788 10.0 -21.578947 -0.562760 -0.428137 -0.428137 0.562760
-36.315788 10.0 -21.578947 -0.562760 -0.428137 -0.428137 0.562760
-11.052632 10.0 -53.157894 0.393252 0.587667 0.587667 -0.393252
-11.052632 10.0 -13.684211 0.449525 0.545827 0.545827 -0.449525
-27.894737 10.0 -13.684211 -0.501376 -0.498620 -0.498620 0.501376
7.421053 10.0 1.561404 0.231439 0.668159 0.668159 -0.231439
-40.526318 10.0 -21.578947 0.467326 0.530666 0.530666 -0.467326
-11.052632 10.0 -61.052631 0.412468 0.574343 0.574343 -0.412468
-65.789474 10.0 -21.578947 -0.614312 -0.350173 -0.350173 0.614312
-61.578945 10.0 2.105263 0.484616 0.514925 0.514925 -0.484616
-17.736841 10.0 -32.192982 0.209221 0.675445 0.675445 -0.209221
-32.105263 10.0 -13.684211 0.353553 0.612372 0.612372 -0.353553
-61.578945 10.0 -53.157894 -0.562760 -0.428137 -0.428137 0.562760
-19.473684 10.0 -53.157894 0.353553 0.612372 0.612372 -0.353553
7.421053 10.0 -11.096491 0.253404 0.660141 0.660141 -0.253404
-70.000000 10.0 2.105263 -0.548297 -0.446509 -0.446509 0.548297
1.578947 10.0 -5.789474 0.431232 0.560392 0.560392 -0.431232
-2.631579 10.0 -5.789474 0.373607 0.600348 0.600348 -0.373607
-70.000000 10.0 -45.263157 0.484616 0.514925 0.514925 -0.484616
-70.000000 10.0 -5.789474 -0.645974 -0.287606 -0.287606 0.645974
-2.631579 10.0 -21.578947 0.393252 0.587667 0.587667 -0.393252
-44.736843 10.0 -5.789474 -0.533234 -0.464394 -0.464394 0.533234
-11.447368 10.0 5.780702 0.231439 0.668159 0.668159 -0.231439
-27.894737 10.0 -45.263157 0.449525 0.545827 0.545827 -0.449525
13.710526 10.0 -6.877193 0.231439 0.668159 0.668159 -0.231439
-70.000000 10.0 -45.263157 0.484616 0.514925 0.514925 -0.484616
-11.052632 10.0 -45.263157 0.431232 0.560392 0.560392 -0.431232
-11.447368 10.0 -6.877193 0.164123 0.687796 0.687796 -0.164123
7.421053 10.0 1.561404 0.095193 0.700670 0.700670 -0.095193
-48.947369 10.0 2.105263 0.431232 0.560392 0.560392 -0.431232
-32.105263 10.0 2.105263 -0.589826 -0.390008 -0.390008 0.589826
-57.368420 10.0 -53.157894 -0.548297 -0.446509 -0.446509 0.548297
-6.842105 10.0 -53.157894 0.353553 0.612372 0.612372 -0.353553
-48.947369 10.0 -53.157894 0.467326 0.530666 0.530666 -0.467326
20.000000 10.0 -49.070175 0.253404 0.660141 0.660141 -0.253404
-53.157894 10.0 -13.684211 0.353553 0.612372 0.612372 -0.353553
-32.105263 10.0 -53.157894 -0.548297 -0.446509 -0.446509 0.548297
-65.789474 10.0 -5.789474 -0.562760 -0.428137 -0.428137 0.562760
1.578947 10.0 -53.157894 0.353553 0.612372 0.612372 -0.353553